NaN NaN NaN NaN NaN NaN NaN NaN NaN NaN NaN NaN NaN NaN NaN NaN NaN NaN NaN NaN NaN NaN NaN NaN NaN NaN NaN NaN NaN NaN NaN NaN NaN NaN NaN NaN NaN NaN NaN NaN NaN NaN NaN NaN NaN NaN NaN NaN NaN NaN NaN NaN NaN NaN NaN NaN NaN NaN NaN NaN NaN NaN NaN NaN NaN NaN NaN NaN NaN NaN NaN NaN NaN NaN NaN NaN NaN NaN NaN NaN NaN NaN NaN NaN NaN NaN NaN NaN NaN NaN NaN NaN NaN NaN NaN NaN NaN 
NaN NaN NaN NaN NaN NaN NaN NaN NaN NaN NaN NaN NaN NaN NaN NaN NaN NaN NaN NaN NaN NaN NaN NaN NaN NaN NaN NaN NaN NaN NaN NaN NaN NaN NaN NaN NaN NaN NaN NaN NaN NaN NaN NaN NaN NaN NaN NaN NaN NaN NaN NaN NaN NaN NaN NaN NaN NaN NaN NaN NaN NaN NaN NaN NaN NaN NaN NaN NaN NaN NaN NaN NaN NaN NaN NaN NaN NaN NaN NaN NaN NaN NaN NaN NaN NaN NaN NaN NaN NaN NaN NaN NaN NaN NaN NaN NaN 
NaN NaN NaN NaN NaN NaN NaN NaN NaN NaN NaN NaN NaN NaN NaN NaN NaN NaN NaN NaN NaN NaN NaN NaN NaN NaN NaN NaN NaN NaN NaN NaN NaN NaN NaN NaN NaN NaN NaN NaN NaN NaN NaN NaN NaN NaN NaN NaN NaN NaN NaN NaN NaN NaN NaN NaN NaN NaN NaN NaN NaN NaN NaN NaN NaN NaN NaN NaN NaN NaN NaN NaN NaN NaN NaN NaN NaN NaN NaN NaN NaN NaN NaN NaN NaN NaN NaN NaN NaN NaN NaN NaN NaN NaN NaN NaN NaN 
NaN NaN NaN NaN NaN NaN NaN NaN NaN NaN NaN NaN NaN NaN NaN NaN NaN NaN NaN NaN NaN NaN NaN NaN NaN NaN NaN NaN NaN NaN NaN NaN NaN NaN NaN NaN NaN NaN NaN NaN NaN NaN NaN NaN NaN NaN NaN NaN NaN NaN NaN NaN NaN NaN NaN NaN NaN NaN NaN NaN NaN NaN NaN NaN NaN NaN NaN NaN NaN NaN NaN NaN NaN NaN NaN NaN NaN NaN NaN NaN NaN NaN NaN NaN NaN NaN NaN NaN NaN NaN NaN NaN NaN NaN NaN NaN NaN 
NaN NaN NaN NaN NaN NaN NaN NaN NaN NaN NaN NaN NaN NaN NaN NaN NaN NaN NaN NaN NaN NaN NaN NaN NaN NaN NaN NaN NaN NaN NaN NaN NaN NaN NaN NaN NaN NaN NaN NaN NaN NaN NaN NaN NaN NaN NaN NaN NaN NaN NaN NaN NaN NaN NaN NaN NaN NaN NaN NaN NaN NaN NaN NaN NaN NaN NaN NaN NaN NaN NaN NaN NaN NaN NaN NaN NaN NaN NaN NaN NaN NaN NaN NaN NaN NaN NaN NaN NaN NaN NaN NaN NaN NaN NaN NaN NaN 
NaN NaN NaN NaN NaN NaN NaN NaN NaN NaN NaN NaN NaN NaN NaN NaN NaN NaN NaN NaN NaN NaN NaN NaN NaN NaN NaN NaN NaN NaN NaN NaN NaN NaN NaN NaN NaN NaN NaN NaN NaN NaN NaN NaN NaN NaN NaN NaN NaN NaN NaN NaN NaN NaN NaN NaN NaN NaN NaN NaN NaN NaN NaN NaN NaN NaN NaN NaN NaN NaN NaN NaN NaN NaN NaN NaN NaN NaN NaN NaN NaN NaN NaN NaN NaN NaN NaN NaN NaN NaN NaN NaN NaN NaN NaN NaN NaN 
NaN NaN NaN NaN NaN NaN NaN NaN NaN NaN NaN NaN NaN NaN NaN NaN NaN NaN NaN NaN NaN NaN NaN NaN NaN NaN NaN NaN NaN NaN NaN NaN NaN NaN NaN NaN NaN NaN NaN NaN NaN NaN NaN NaN NaN NaN NaN NaN NaN NaN NaN NaN NaN NaN NaN NaN NaN NaN NaN NaN NaN NaN NaN NaN NaN NaN NaN NaN NaN NaN NaN NaN NaN NaN NaN NaN NaN NaN NaN NaN NaN NaN NaN NaN NaN NaN NaN NaN NaN NaN NaN NaN NaN NaN NaN NaN NaN 
NaN NaN NaN NaN NaN NaN NaN NaN NaN NaN NaN NaN NaN NaN NaN NaN NaN NaN NaN NaN NaN NaN NaN NaN NaN NaN NaN NaN NaN NaN NaN NaN NaN NaN NaN NaN NaN NaN NaN NaN NaN NaN NaN NaN NaN NaN NaN NaN NaN NaN NaN NaN NaN NaN NaN NaN NaN NaN NaN NaN NaN NaN NaN NaN NaN NaN NaN NaN NaN NaN NaN NaN NaN NaN NaN NaN NaN NaN NaN NaN NaN NaN NaN NaN NaN NaN NaN NaN NaN NaN NaN NaN NaN NaN NaN NaN NaN 
NaN NaN NaN NaN NaN NaN NaN NaN NaN NaN NaN NaN NaN NaN NaN NaN NaN NaN NaN NaN NaN NaN NaN NaN NaN NaN NaN NaN NaN NaN NaN NaN NaN NaN NaN NaN NaN NaN NaN NaN NaN NaN NaN NaN NaN NaN NaN NaN NaN NaN NaN NaN NaN NaN NaN NaN NaN NaN NaN NaN NaN NaN NaN NaN NaN NaN NaN NaN NaN NaN NaN NaN NaN NaN NaN NaN NaN NaN NaN NaN NaN NaN NaN NaN NaN NaN NaN NaN NaN NaN NaN NaN NaN NaN NaN NaN NaN 
NaN NaN NaN NaN NaN NaN NaN NaN NaN NaN NaN NaN NaN NaN NaN NaN NaN NaN NaN NaN NaN NaN NaN NaN NaN NaN NaN NaN NaN NaN NaN NaN NaN NaN NaN NaN NaN NaN NaN NaN NaN NaN NaN NaN NaN NaN NaN NaN NaN NaN NaN NaN NaN NaN NaN NaN NaN NaN NaN NaN NaN NaN NaN NaN NaN NaN NaN NaN NaN NaN NaN NaN NaN NaN NaN NaN NaN NaN NaN NaN NaN NaN NaN NaN NaN NaN NaN NaN NaN NaN NaN NaN NaN NaN NaN NaN NaN 
NaN NaN NaN NaN NaN NaN NaN NaN NaN NaN NaN NaN NaN NaN NaN NaN NaN NaN NaN NaN NaN NaN NaN NaN NaN NaN NaN NaN NaN NaN NaN NaN NaN NaN NaN NaN NaN NaN NaN NaN NaN NaN NaN NaN NaN NaN NaN NaN NaN NaN NaN NaN NaN NaN NaN NaN NaN NaN NaN NaN NaN NaN NaN NaN NaN NaN NaN NaN NaN NaN NaN NaN NaN NaN NaN NaN NaN NaN NaN NaN NaN NaN NaN NaN NaN NaN NaN NaN NaN NaN NaN NaN NaN NaN NaN NaN NaN 
NaN NaN NaN NaN NaN NaN NaN NaN NaN NaN NaN NaN NaN NaN NaN NaN NaN NaN NaN NaN NaN NaN NaN NaN NaN NaN NaN NaN NaN NaN NaN NaN NaN NaN NaN NaN NaN NaN NaN NaN NaN NaN NaN NaN NaN NaN NaN NaN NaN NaN NaN NaN NaN NaN NaN NaN NaN NaN NaN NaN NaN NaN NaN NaN NaN NaN NaN NaN NaN NaN NaN NaN NaN NaN NaN NaN NaN NaN NaN NaN NaN NaN NaN NaN NaN NaN NaN NaN NaN NaN NaN NaN NaN NaN NaN NaN NaN 
NaN NaN NaN NaN NaN NaN NaN NaN NaN NaN NaN NaN NaN NaN NaN NaN NaN NaN NaN NaN NaN NaN NaN NaN NaN NaN NaN NaN NaN NaN NaN NaN NaN NaN NaN NaN NaN NaN NaN NaN NaN NaN NaN NaN NaN NaN NaN NaN NaN NaN NaN NaN NaN NaN NaN NaN NaN NaN NaN NaN NaN NaN NaN NaN NaN NaN NaN NaN NaN NaN NaN NaN NaN NaN NaN NaN NaN NaN NaN NaN NaN NaN NaN NaN NaN NaN NaN NaN NaN NaN NaN NaN NaN NaN NaN NaN NaN 
NaN NaN NaN NaN NaN NaN NaN NaN NaN NaN NaN NaN NaN NaN NaN NaN NaN NaN NaN NaN NaN NaN NaN NaN NaN NaN NaN NaN NaN NaN NaN NaN NaN NaN NaN NaN NaN NaN NaN NaN NaN NaN NaN NaN NaN NaN NaN NaN NaN NaN NaN NaN NaN NaN NaN NaN NaN NaN NaN NaN NaN NaN NaN NaN NaN NaN NaN NaN NaN NaN NaN NaN NaN NaN NaN NaN NaN NaN NaN NaN NaN NaN NaN NaN NaN NaN NaN NaN NaN NaN NaN NaN NaN NaN NaN NaN NaN 
NaN NaN NaN NaN NaN NaN NaN NaN NaN NaN NaN NaN NaN NaN NaN NaN NaN NaN NaN NaN NaN NaN NaN NaN NaN NaN NaN NaN NaN NaN NaN NaN NaN NaN NaN NaN NaN NaN NaN NaN NaN NaN NaN NaN NaN NaN NaN NaN NaN NaN NaN NaN NaN NaN NaN NaN NaN NaN NaN NaN NaN NaN NaN NaN NaN NaN NaN NaN NaN NaN NaN NaN NaN NaN NaN NaN NaN NaN NaN NaN NaN NaN NaN NaN NaN NaN NaN NaN NaN NaN NaN NaN NaN NaN NaN NaN NaN 
NaN NaN NaN NaN NaN NaN NaN NaN NaN NaN NaN NaN NaN NaN NaN NaN NaN NaN NaN NaN NaN NaN NaN NaN NaN NaN NaN NaN NaN NaN NaN NaN NaN NaN NaN NaN NaN NaN NaN NaN NaN NaN NaN NaN NaN NaN NaN NaN NaN NaN NaN NaN NaN NaN NaN NaN NaN NaN NaN NaN NaN NaN NaN NaN NaN NaN NaN NaN NaN NaN NaN NaN NaN NaN NaN NaN NaN NaN NaN NaN NaN NaN NaN NaN NaN NaN NaN NaN NaN NaN NaN NaN NaN NaN NaN NaN NaN 
NaN NaN NaN NaN NaN NaN NaN NaN NaN NaN NaN NaN NaN NaN NaN NaN NaN NaN NaN NaN NaN NaN NaN NaN NaN NaN NaN NaN NaN NaN NaN NaN NaN NaN NaN NaN NaN NaN NaN NaN NaN NaN NaN NaN NaN NaN NaN NaN NaN NaN NaN NaN NaN NaN NaN NaN NaN NaN NaN NaN NaN NaN NaN NaN NaN NaN NaN NaN NaN NaN NaN NaN NaN NaN NaN NaN NaN NaN NaN NaN NaN NaN NaN NaN NaN NaN NaN NaN NaN NaN NaN NaN NaN NaN NaN NaN NaN 
NaN NaN NaN NaN NaN NaN NaN NaN NaN NaN NaN NaN NaN NaN NaN NaN NaN NaN NaN NaN NaN NaN NaN NaN NaN NaN NaN NaN NaN NaN NaN NaN NaN NaN NaN NaN NaN NaN NaN NaN NaN NaN NaN NaN NaN NaN NaN NaN NaN NaN NaN NaN NaN NaN NaN NaN NaN NaN NaN NaN NaN NaN NaN NaN NaN NaN NaN NaN NaN NaN NaN NaN NaN NaN NaN NaN NaN NaN NaN NaN NaN NaN NaN NaN NaN NaN NaN NaN NaN NaN NaN NaN NaN NaN NaN NaN NaN 
NaN NaN NaN NaN NaN NaN NaN NaN NaN NaN NaN NaN NaN NaN NaN NaN NaN NaN 1.0 0.9735763 0.9563052 -0.101604216 0.12810163 NaN NaN NaN NaN NaN 0.88763946 -0.32608026 -0.4430767 -0.6979117 -0.6512079 -0.63238394 -0.5979195 -0.564483 -0.53273064 -0.6745501 -0.69186574 -0.45584527 -0.41280898 -0.38810372 -0.40425998 -0.4383711 -0.58923763 -0.62955385 -0.6932576 -0.4260388 -0.43681613 -0.41501674 -0.61191046 -0.6509393 -0.6403086 -0.73002386 -0.526435 -0.77848667 -0.17511265 0.17585157 0.13318588 0.011572909 -0.18780318 -0.59288347 -0.6252411 -0.4277671 -0.50078547 -0.6583004 -0.49429363 -0.24269836 -0.031108834 0.19785826 0.44397515 0.4106965 0.3861352 0.5638624 0.35207438 0.43821162 0.435961 0.078285895 -0.3455679 -0.4539839 -0.15708666 -0.6006877 -0.55850077 -0.42964312 -0.50330645 -0.5173676 -0.084779605 0.07599867 0.31653875 0.6526672 0.5203031 0.6226134 0.59243774 0.70511967 0.70863914 0.6238082 0.9584336 
NaN NaN NaN NaN NaN NaN NaN NaN NaN NaN NaN NaN NaN NaN NaN NaN NaN NaN 0.9735763 1.0 0.9543607 0.0256189 0.2370825 NaN NaN NaN NaN NaN 0.9093942 -0.25303766 -0.32092303 -0.6727306 -0.615758 -0.60217637 -0.5984424 -0.56825167 -0.5337155 -0.63958836 -0.6333616 -0.41339743 -0.3606901 -0.34007603 -0.3623283 -0.39927095 -0.578823 -0.6629895 -0.6997723 -0.41236392 -0.4237064 -0.40764076 -0.6238861 -0.6934417 -0.6764885 -0.759833 -0.53361595 -0.7784461 -0.20893635 0.15681823 0.0952098 -0.017825948 -0.20814197 -0.5881804 -0.6304646 -0.4095221 -0.47275764 -0.6040639 -0.42736903 -0.1685636 0.045275535 0.24350573 0.47602072 0.45014578 0.40466303 0.572819 0.36406824 0.46036613 0.444834 0.045642547 -0.3845861 -0.50446516 -0.21735239 -0.6760675 -0.61181545 -0.4832457 -0.56233364 -0.58871263 -0.11416728 0.08198804 0.32074842 0.6495499 0.52629006 0.6345156 0.6055018 0.7051939 0.71273756 0.6291061 0.92827153 
NaN NaN NaN NaN NaN NaN NaN NaN NaN NaN NaN NaN NaN NaN NaN NaN NaN NaN 0.9563052 0.9543607 1.0 0.17188105 0.3995148 NaN NaN NaN NaN NaN 0.9696642 -0.057921037 -0.31661037 -0.6040921 -0.71996874 -0.6119932 -0.7101732 -0.6708469 -0.58821166 -0.6928637 -0.61859566 -0.2803267 -0.24501663 -0.22748251 -0.2454035 -0.2764362 -0.4644915 -0.68964154 -0.60469484 -0.21894953 -0.22869737 -0.20377755 -0.44503188 -0.5531902 -0.5302644 -0.71933424 -0.63491076 -0.75036496 -0.2735916 0.03702085 0.013647702 -0.106894895 -0.31159922 -0.6580133 -0.50141734 -0.20465551 -0.28669107 -0.58463496 -0.54558736 -0.35525402 -0.1460686 0.04329286 0.3086778 0.29639953 0.2900963 0.4495766 0.2608612 0.29644763 0.2809378 -0.12745178 -0.5074393 -0.61373454 -0.36695665 -0.7144929 -0.4791986 -0.29759362 -0.39757013 -0.63254607 -0.29158312 -0.118013255 0.13226473 0.50881964 0.37118444 0.47514686 0.4388335 0.5751996 0.5818947 0.4810039 0.8631707 
NaN NaN NaN NaN NaN NaN NaN NaN NaN NaN NaN NaN NaN NaN NaN NaN NaN NaN -0.101604216 0.0256189 0.17188105 1.0 0.9519111 NaN NaN NaN NaN NaN 0.32996917 0.86476004 0.57644933 0.32057026 -0.14426193 0.1517217 -0.32126778 -0.27867234 -0.09804099 0.059297644 0.33784667 0.55689156 0.5743538 0.5592958 0.55219454 0.5508901 0.38163793 -0.20934318 0.2661869 0.62604433 0.60387063 0.6085505 0.4484844 0.19314757 0.24027354 -0.04751842 -0.33003184 0.081370756 -0.34287414 -0.462879 -0.4476409 -0.4474153 -0.44243607 -0.24225172 0.30395302 0.6094894 0.6146707 0.2947824 -0.07030449 -0.26527426 -0.26433524 -0.43326294 -0.38764244 -0.31244013 -0.2746333 -0.3338265 -0.26085183 -0.42342058 -0.4783135 -0.6700601 -0.53504324 -0.5494748 -0.71069473 -0.4518059 0.10097907 0.2270868 0.16636246 -0.44555795 -0.66355985 -0.57199436 -0.54192334 -0.42819935 -0.43926322 -0.40371296 -0.41847256 -0.3666559 -0.35932106 -0.41500005 -0.27756324 
NaN NaN NaN NaN NaN NaN NaN NaN NaN NaN NaN NaN NaN NaN NaN NaN NaN NaN 0.12810163 0.2370825 0.3995148 0.9519111 1.0 NaN NaN NaN NaN NaN 0.53666776 0.8185999 0.40887105 0.14875542 -0.33881587 -0.054286655 -0.49715716 -0.45595938 -0.2669542 -0.16192822 0.13220096 0.47973847 0.4909045 0.4782559 0.46495843 0.4596791 0.26723984 -0.3511325 0.11779376 0.56072277 0.54132247 0.5555424 0.34726265 0.088739686 0.13285956 -0.19419841 -0.47643393 -0.11075604 -0.37225428 -0.41791874 -0.39904955 -0.43090948 -0.48622397 -0.38475963 0.19042279 0.56222343 0.53314334 0.09983802 -0.24381587 -0.38215393 -0.3298401 -0.42446777 -0.31163338 -0.2482189 -0.20494017 -0.21887067 -0.19709222 -0.34456006 -0.39648488 -0.66195804 -0.6402457 -0.6718002 -0.7549701 -0.58387494 0.022859467 0.20968491 0.11189275 -0.573806 -0.7090486 -0.6016667 -0.5052223 -0.29462612 -0.34079537 -0.29856145 -0.3187504 -0.22256453 -0.21283644 -0.2895524 -0.05891802 
NaN NaN NaN NaN NaN NaN NaN NaN NaN NaN NaN NaN NaN NaN NaN NaN NaN NaN NaN NaN NaN NaN NaN NaN NaN NaN NaN NaN NaN NaN NaN NaN NaN NaN NaN NaN NaN NaN NaN NaN NaN NaN NaN NaN NaN NaN NaN NaN NaN NaN NaN NaN NaN NaN NaN NaN NaN NaN NaN NaN NaN NaN NaN NaN NaN NaN NaN NaN NaN NaN NaN NaN NaN NaN NaN NaN NaN NaN NaN NaN NaN NaN NaN NaN NaN NaN NaN NaN NaN NaN NaN NaN NaN NaN NaN NaN NaN 
NaN NaN NaN NaN NaN NaN NaN NaN NaN NaN NaN NaN NaN NaN NaN NaN NaN NaN NaN NaN NaN NaN NaN NaN NaN NaN NaN NaN NaN NaN NaN NaN NaN NaN NaN NaN NaN NaN NaN NaN NaN NaN NaN NaN NaN NaN NaN NaN NaN NaN NaN NaN NaN NaN NaN NaN NaN NaN NaN NaN NaN NaN NaN NaN NaN NaN NaN NaN NaN NaN NaN NaN NaN NaN NaN NaN NaN NaN NaN NaN NaN NaN NaN NaN NaN NaN NaN NaN NaN NaN NaN NaN NaN NaN NaN NaN NaN 
NaN NaN NaN NaN NaN NaN NaN NaN NaN NaN NaN NaN NaN NaN NaN NaN NaN NaN NaN NaN NaN NaN NaN NaN NaN NaN NaN NaN NaN NaN NaN NaN NaN NaN NaN NaN NaN NaN NaN NaN NaN NaN NaN NaN NaN NaN NaN NaN NaN NaN NaN NaN NaN NaN NaN NaN NaN NaN NaN NaN NaN NaN NaN NaN NaN NaN NaN NaN NaN NaN NaN NaN NaN NaN NaN NaN NaN NaN NaN NaN NaN NaN NaN NaN NaN NaN NaN NaN NaN NaN NaN NaN NaN NaN NaN NaN NaN 
NaN NaN NaN NaN NaN NaN NaN NaN NaN NaN NaN NaN NaN NaN NaN NaN NaN NaN NaN NaN NaN NaN NaN NaN NaN NaN NaN NaN NaN NaN NaN NaN NaN NaN NaN NaN NaN NaN NaN NaN NaN NaN NaN NaN NaN NaN NaN NaN NaN NaN NaN NaN NaN NaN NaN NaN NaN NaN NaN NaN NaN NaN NaN NaN NaN NaN NaN NaN NaN NaN NaN NaN NaN NaN NaN NaN NaN NaN NaN NaN NaN NaN NaN NaN NaN NaN NaN NaN NaN NaN NaN NaN NaN NaN NaN NaN NaN 
NaN NaN NaN NaN NaN NaN NaN NaN NaN NaN NaN NaN NaN NaN NaN NaN NaN NaN NaN NaN NaN NaN NaN NaN NaN NaN NaN NaN NaN NaN NaN NaN NaN NaN NaN NaN NaN NaN NaN NaN NaN NaN NaN NaN NaN NaN NaN NaN NaN NaN NaN NaN NaN NaN NaN NaN NaN NaN NaN NaN NaN NaN NaN NaN NaN NaN NaN NaN NaN NaN NaN NaN NaN NaN NaN NaN NaN NaN NaN NaN NaN NaN NaN NaN NaN NaN NaN NaN NaN NaN NaN NaN NaN NaN NaN NaN NaN 
NaN NaN NaN NaN NaN NaN NaN NaN NaN NaN NaN NaN NaN NaN NaN NaN NaN NaN 0.88763946 0.9093942 0.9696642 0.32996917 0.53666776 NaN NaN NaN NaN NaN 1.0 0.1245551 -0.16197498 -0.48580825 -0.7022423 -0.54564714 -0.7323916 -0.6881309 -0.5714954 -0.64277077 -0.51638347 -0.14535779 -0.09801103 -0.07533578 -0.092228316 -0.120056614 -0.33538786 -0.6676555 -0.49663243 -0.07498286 -0.0996627 -0.07385205 -0.3343159 -0.48909575 -0.45466688 -0.69154924 -0.66804343 -0.68828505 -0.33134848 -0.07510593 -0.105401695 -0.2147879 -0.40124142 -0.6855908 -0.4375785 -0.110695146 -0.18411711 -0.51710975 -0.5512227 -0.41274154 -0.2146679 -0.06516258 0.19609663 0.20007986 0.20948736 0.34993097 0.1877875 0.18103951 0.15579894 -0.25904837 -0.5747741 -0.67587227 -0.485233 -0.7503259 -0.40329507 -0.21541543 -0.31699005 -0.6600366 -0.40121984 -0.22588237 0.01632366 0.39054734 0.2543981 0.36569735 0.32993415 0.46633363 0.47083566 0.36370468 0.761701 
NaN NaN NaN NaN NaN NaN NaN NaN NaN NaN NaN NaN NaN NaN NaN NaN NaN NaN -0.32608026 -0.25303766 -0.057921037 0.86476004 0.8185999 NaN NaN NaN NaN NaN 0.1245551 1.0 0.6114787 0.55919397 -0.046428 0.24917257 -0.22927979 -0.19970255 -0.042552073 0.09108028 0.4072815 0.7040886 0.693275 0.6834494 0.6911471 0.71793777 0.62384963 0.0074342135 0.5162851 0.8085862 0.7812993 0.79483795 0.6984136 0.47855726 0.54275346 0.20773937 -0.25008535 0.29191238 -0.30411237 -0.5669297 -0.512286 -0.4741182 -0.43084008 -0.15983957 0.4778172 0.72318023 0.72410846 0.33829784 -0.12522157 -0.40594378 -0.44138327 -0.62938297 -0.6045267 -0.5237225 -0.43723375 -0.5280486 -0.40232575 -0.6261073 -0.67182684 -0.75406986 -0.46047235 -0.42535058 -0.6948064 -0.24697065 0.41968867 0.5403751 0.4782265 -0.25695428 -0.70837045 -0.7012333 -0.7198724 -0.64821583 -0.65200424 -0.6517043 -0.65678936 -0.5959211 -0.5903748 -0.64018583 -0.50569636 
NaN NaN NaN NaN NaN NaN NaN NaN NaN NaN NaN NaN NaN NaN NaN NaN NaN NaN -0.4430767 -0.32092303 -0.31661037 0.57644933 0.40887105 NaN NaN NaN NaN NaN -0.16197498 0.6114787 1.0 0.7347277 0.5655011 0.5888849 0.36295703 0.3732258 0.31561622 0.4621245 0.5910807 0.41622278 0.45506182 0.44508868 0.44845802 0.45932057 0.44980487 0.3019488 0.49010935 0.39132586 0.35140613 0.33858353 0.38851056 0.30419075 0.3628728 0.3436702 0.20914282 0.51225436 -0.1575838 -0.40635505 -0.41780654 -0.333361 -0.15888557 0.22911197 0.3419162 0.2608201 0.35115552 0.5470243 0.38246155 0.16049416 0.019308094 -0.26654452 -0.45192862 -0.40074795 -0.3827528 -0.48594862 -0.37016326 -0.47777075 -0.5055795 -0.4241341 -0.036670096 0.007059123 -0.30818295 0.029470222 0.1628127 0.039586768 0.07499213 0.015902866 -0.2692188 -0.24649641 -0.4236795 -0.55239105 -0.5189266 -0.47587022 -0.492139 -0.5332468 -0.5325079 -0.5209152 -0.54517263 
NaN NaN NaN NaN NaN NaN NaN NaN NaN NaN NaN NaN NaN NaN NaN NaN NaN NaN -0.6979117 -0.6727306 -0.6040921 0.32057026 0.14875542 NaN NaN NaN NaN NaN -0.48580825 0.55919397 0.7347277 1.0 0.543745 0.6406359 0.4045791 0.43526584 0.4707437 0.5537641 0.6146049 0.48626631 0.47840866 0.47142234 0.4912093 0.5294077 0.60218835 0.47397608 0.68438315 0.509311 0.47524425 0.47773662 0.6100965 0.583482 0.6806816 0.5969706 0.2574319 0.7726227 -0.12565582 -0.4909919 -0.42581546 -0.30980852 -0.12710342 0.38445124 0.65596485 0.45367998 0.5306903 0.6759302 0.3820657 0.035286836 -0.11549834 -0.44377586 -0.63646 -0.5718626 -0.5140012 -0.6550063 -0.47611675 -0.6594823 -0.673712 -0.43000656 0.18965301 0.2762957 -0.19336852 0.36763158 0.5225335 0.3784097 0.43562177 0.30918813 -0.27265117 -0.31849313 -0.5579321 -0.7619013 -0.71176106 -0.70381504 -0.7005041 -0.7557597 -0.74847746 -0.7419802 -0.7745653 
NaN NaN NaN NaN NaN NaN NaN NaN NaN NaN NaN NaN NaN NaN NaN NaN NaN NaN -0.6512079 -0.615758 -0.71996874 -0.14426193 -0.33881587 NaN NaN NaN NaN NaN -0.7022423 -0.046428 0.5655011 0.543745 1.0 0.61408836 0.88820714 0.86451125 0.60258037 0.6749155 0.5548146 0.08118115 0.08272129 0.057316154 0.06324993 0.06474918 0.2589397 0.7092125 0.43431175 -0.042943105 -0.056659147 -0.079596706 0.14652868 0.2786012 0.2076845 0.5477117 0.6977602 0.54795736 0.309063 0.09161724 0.061533786 0.1740741 0.40025687 0.63273734 0.22339067 -0.09892056 0.009031544 0.50987613 0.68114334 0.5921201 0.35846907 0.17013757 -0.17493875 -0.21653788 -0.24856265 -0.35336125 -0.257643 -0.18416397 -0.14958009 0.22410128 0.39916945 0.5079907 0.393893 0.472778 0.00680362 -0.18672828 -0.102645636 0.36905786 0.344716 0.21434297 -0.011603465 -0.31557974 -0.2154662 -0.28309044 -0.2708159 -0.3771214 -0.3965998 -0.29043257 -0.58919615 
NaN NaN NaN NaN NaN NaN NaN NaN NaN NaN NaN NaN NaN NaN NaN NaN NaN NaN -0.63238394 -0.60217637 -0.6119932 0.1517217 -0.054286655 NaN NaN NaN NaN NaN -0.54564714 0.24917257 0.5888849 0.6406359 0.61408836 1.0 0.662277 0.7389547 0.7644287 0.82097423 0.79432756 0.41858217 0.42083657 0.39584082 0.40470812 0.41799828 0.52053297 0.5699375 0.62928 0.31262133 0.25448287 0.24700004 0.39797136 0.37512708 0.48945057 0.47733894 0.29416573 0.68206227 -0.12665859 -0.4355774 -0.39920717 -0.2567992 -0.045312233 0.38931993 0.4740532 0.21696423 0.32118678 0.6341039 0.486006 0.21407051 0.06298857 -0.2808145 -0.51087606 -0.44759178 -0.42739215 -0.5676835 -0.4079878 -0.5496657 -0.5622723 -0.3220117 0.280689 0.336704 -0.112788506 0.3585275 0.32644013 0.118344836 0.22353244 0.3209518 -0.1342381 -0.11215433 -0.3822116 -0.62908286 -0.57679665 -0.5369944 -0.54372984 -0.62866557 -0.6337341 -0.6106114 -0.67757726 
NaN NaN NaN NaN NaN NaN NaN NaN NaN NaN NaN NaN NaN NaN NaN NaN NaN NaN -0.5979195 -0.5984424 -0.7101732 -0.32126778 -0.49715716 NaN NaN NaN NaN NaN -0.7323916 -0.22927979 0.36295703 0.4045791 0.88820714 0.662277 1.0 0.91280055 0.61904085 0.6407621 0.46039826 -0.024224468 -0.022940751 -0.045607645 -0.03910867 -0.040275395 0.16272645 0.6842515 0.35960674 -0.14315385 -0.15382332 -0.17328395 0.06808969 0.2442138 0.18704459 0.5158031 0.7125984 0.5397814 0.3669674 0.1755057 0.15684679 0.2495778 0.45658368 0.63388145 0.20924845 -0.1618576 -0.056264114 0.46955937 0.6557572 0.5817041 0.35290858 0.19940095 -0.12712498 -0.18038829 -0.20114152 -0.3027984 -0.2297276 -0.14481369 -0.099925436 0.29958373 0.46719703 0.5828973 0.46173227 0.5540163 0.030064186 -0.18829043 -0.084892064 0.44391027 0.4145866 0.25484663 0.034776293 -0.26566508 -0.17735487 -0.23070933 -0.22107883 -0.31582808 -0.34224874 -0.23802991 -0.51192224 
NaN NaN NaN NaN NaN NaN NaN NaN NaN NaN NaN NaN NaN NaN NaN NaN NaN NaN -0.564483 -0.56825167 -0.6708469 -0.27867234 -0.45595938 NaN NaN NaN NaN NaN -0.6881309 -0.19970255 0.3732258 0.43526584 0.86451125 0.7389547 0.91280055 1.0 0.83034366 0.8035446 0.6277798 0.11770389 0.11864122 0.08819901 0.08726996 0.07654308 0.27395734 0.762654 0.45551175 -0.08449034 -0.12833425 -0.14391106 0.07767309 0.19353953 0.16781005 0.45752844 0.5899789 0.48200867 0.23057593 0.025933571 0.051171485 0.1883564 0.4030427 0.5600144 0.20382082 -0.1696373 -0.057810877 0.4660231 0.59919775 0.4851072 0.2745112 0.08435202 -0.22100462 -0.23944351 -0.24290504 -0.34769312 -0.26626655 -0.23770504 -0.18780151 0.17843772 0.41642737 0.50546396 0.35109848 0.4872324 -0.006278154 -0.21474652 -0.10515307 0.3796017 0.30683732 0.20593503 -0.038257398 -0.32074735 -0.24273811 -0.28688583 -0.2729176 -0.3708888 -0.38537046 -0.30337068 -0.51237726 
NaN NaN NaN NaN NaN NaN NaN NaN NaN NaN NaN NaN NaN NaN NaN NaN NaN NaN -0.53273064 -0.5337155 -0.58821166 -0.09804099 -0.2669542 NaN NaN NaN NaN NaN -0.5714954 -0.042552073 0.31561622 0.4707437 0.60258037 0.7644287 0.61904085 0.83034366 1.0 0.9409827 0.78545773 0.35837683 0.36157405 0.33180064 0.3209438 0.30551726 0.4140059 0.6690675 0.54130197 0.111569 0.040713247 0.049672768 0.21521986 0.24396682 0.28996733 0.41200557 0.37115893 0.5315055 0.007512158 -0.22908507 -0.19765624 -0.053427026 0.14163747 0.40621075 0.25770932 -0.04610237 0.052956015 0.43792117 0.4322528 0.26620233 0.09401161 -0.13806412 -0.38557667 -0.3591778 -0.34658766 -0.4495433 -0.33465666 -0.39588484 -0.37361515 -0.072360866 0.32532367 0.3666365 0.11009264 0.40001458 0.1338514 -0.058228362 0.052135903 0.31686306 0.06034574 0.04556501 -0.22319977 -0.45830184 -0.40219587 -0.41089937 -0.38733822 -0.4796305 -0.48163787 -0.4478972 -0.53913176 
NaN NaN NaN NaN NaN NaN NaN NaN NaN NaN NaN NaN NaN NaN NaN NaN NaN NaN -0.6745501 -0.63958836 -0.6928637 0.059297644 -0.16192822 NaN NaN NaN NaN NaN -0.64277077 0.09108028 0.4621245 0.5537641 0.6749155 0.82097423 0.6407621 0.8035446 0.9409827 1.0 0.9006492 0.4537196 0.46118125 0.4280719 0.41767997 0.40396965 0.49537784 0.6688397 0.60905623 0.21080917 0.1484736 0.1456531 0.31652194 0.32486054 0.36418614 0.4878586 0.4305677 0.62766 0.022160783 -0.26589486 -0.25962785 -0.12791696 0.09388835 0.44705695 0.33873472 0.065505505 0.17702332 0.5632991 0.5169311 0.31375372 0.10829541 -0.16205631 -0.43296462 -0.39786473 -0.38669068 -0.5202397 -0.37232035 -0.44663265 -0.43586752 -0.13340722 0.29771405 0.3557252 0.07351796 0.40793434 0.21088615 0.012951062 0.1293596 0.3463901 0.038805313 0.009255671 -0.27255857 -0.5497381 -0.4672252 -0.4800579 -0.4604342 -0.57364976 -0.5767393 -0.5228508 -0.6836846 
NaN NaN NaN NaN NaN NaN NaN NaN NaN NaN NaN NaN NaN NaN NaN NaN NaN NaN -0.69186574 -0.6333616 -0.61859566 0.33784667 0.13220096 NaN NaN NaN NaN NaN -0.51638347 0.4072815 0.5910807 0.6146049 0.5548146 0.79432756 0.46039826 0.6277798 0.78545773 0.9006492 1.0 0.7537286 0.7545803 0.7164704 0.6955752 0.6701757 0.70661324 0.61531204 0.72326654 0.45228803 0.375927 0.3739899 0.49040985 0.4026249 0.46997505 0.45885974 0.22605322 0.5731978 -0.11387991 -0.45204934 -0.4040683 -0.28448245 -0.07582882 0.27595216 0.42040646 0.2836404 0.37537554 0.55133253 0.33809596 0.083159745 -0.09729706 -0.37783292 -0.5759573 -0.50969857 -0.46478206 -0.6148762 -0.44288355 -0.58753145 -0.6013991 -0.41610295 0.032795504 0.0986853 -0.22080974 0.20995463 0.31392953 0.19361788 0.275073 0.18253641 -0.23344482 -0.23694608 -0.48012352 -0.68091667 -0.61165714 -0.6273953 -0.6146139 -0.68532026 -0.68522877 -0.65540963 -0.765301 
NaN NaN NaN NaN NaN NaN NaN NaN NaN NaN NaN NaN NaN NaN NaN NaN NaN NaN -0.45584527 -0.41339743 -0.2803267 0.55689156 0.47973847 NaN NaN NaN NaN NaN -0.14535779 0.7040886 0.41622278 0.48626631 0.08118115 0.41858217 -0.024224468 0.11770389 0.35837683 0.4537196 0.7537286 1.0 0.98274076 0.9564025 0.92097706 0.8746733 0.8059711 0.32209495 0.6239118 0.6371031 0.5535265 0.57344234 0.5777523 0.4127706 0.5037225 0.284216 -0.18212213 0.3047373 -0.24334659 -0.54472095 -0.45613778 -0.39482927 -0.31256416 -0.07970285 0.4129624 0.51491857 0.5308676 0.27835798 -0.11583732 -0.36811727 -0.4495812 -0.6117799 -0.6243934 -0.5444839 -0.4501248 -0.5578593 -0.4124113 -0.6272842 -0.6621935 -0.6678845 -0.3786018 -0.33078876 -0.55582035 -0.12176136 0.38448238 0.43828723 0.4242718 -0.15442733 -0.5901953 -0.6002987 -0.6774878 -0.6573235 -0.64184815 -0.67180264 -0.66165364 -0.6321946 -0.6300754 -0.65431225 -0.6003083 
NaN NaN NaN NaN NaN NaN NaN NaN NaN NaN NaN NaN NaN NaN NaN NaN NaN NaN -0.41280898 -0.3606901 -0.24501663 0.5743538 0.4909045 NaN NaN NaN NaN NaN -0.09801103 0.693275 0.45506182 0.47840866 0.08272129 0.42083657 -0.022940751 0.11864122 0.36157405 0.46118125 0.7545803 0.98274076 1.0 0.9889803 0.96270704 0.91638404 0.81252396 0.3127092 0.6160014 0.63072646 0.5276616 0.551416 0.5277718 0.34641758 0.442407 0.21745943 -0.19278207 0.27218586 -0.2516136 -0.54707474 -0.47729123 -0.4229486 -0.33775377 -0.14096045 0.3252626 0.4350596 0.46245953 0.2489766 -0.12268062 -0.36069974 -0.43818793 -0.5922588 -0.60092324 -0.5253382 -0.43285036 -0.53700304 -0.39595503 -0.6047522 -0.64351356 -0.6706364 -0.40180874 -0.353447 -0.56637776 -0.16227712 0.34155494 0.38662204 0.37936097 -0.17948955 -0.5839245 -0.5808156 -0.65400696 -0.62653655 -0.61506003 -0.63434 -0.62678534 -0.5976946 -0.59502554 -0.6206783 -0.5591802 
NaN NaN NaN NaN NaN NaN NaN NaN NaN NaN NaN NaN NaN NaN NaN NaN NaN NaN -0.38810372 -0.34007603 -0.22748251 0.5592958 0.4782559 NaN NaN NaN NaN NaN -0.07533578 0.6834494 0.44508868 0.47142234 0.057316154 0.39584082 -0.045607645 0.08819901 0.33180064 0.4280719 0.7164704 0.9564025 0.9889803 1.0 0.9875147 0.9493575 0.8393918 0.3148843 0.6151841 0.63035244 0.5163518 0.5403981 0.501095 0.31326517 0.41621196 0.18248437 -0.21624088 0.2464112 -0.2621438 -0.54797477 -0.47600427 -0.42416698 -0.34463495 -0.1696698 0.2944125 0.40701866 0.4345504 0.21734332 -0.14987922 -0.37982365 -0.45192748 -0.59219885 -0.5862612 -0.5121113 -0.41626564 -0.5202912 -0.3844617 -0.5911921 -0.6318096 -0.6709204 -0.41094357 -0.3593099 -0.56787854 -0.17113711 0.34277102 0.38686877 0.38032287 -0.18028797 -0.5819237 -0.57920825 -0.6413772 -0.6076781 -0.5984798 -0.61705637 -0.60786873 -0.5750426 -0.5726938 -0.6006489 -0.5327029 
NaN NaN NaN NaN NaN NaN NaN NaN NaN NaN NaN NaN NaN NaN NaN NaN NaN NaN -0.40425998 -0.3623283 -0.2454035 0.55219454 0.46495843 NaN NaN NaN NaN NaN -0.092228316 0.6911471 0.44845802 0.4912093 0.06324993 0.40470812 -0.03910867 0.08726996 0.3209438 0.41767997 0.6955752 0.92097706 0.96270704 0.9875147 1.0 0.98193026 0.88683224 0.35167778 0.65478367 0.6621363 0.54563594 0.5686453 0.5191411 0.32313913 0.42644888 0.1771225 -0.215246 0.2589175 -0.25976956 -0.56513447 -0.48861352 -0.43664417 -0.3509607 -0.17814724 0.30188617 0.41527477 0.44656813 0.22455472 -0.15387993 -0.39301923 -0.46626922 -0.60715824 -0.6067782 -0.53193873 -0.43027544 -0.53814965 -0.3985632 -0.6083408 -0.64578825 -0.67051005 -0.39119583 -0.33465362 -0.555933 -0.13772053 0.38384634 0.42723483 0.41921955 -0.14864486 -0.57611173 -0.5788257 -0.64564955 -0.6232273 -0.6133155 -0.63431734 -0.6273551 -0.5962624 -0.5934933 -0.61986697 -0.5486188 
NaN NaN NaN NaN NaN NaN NaN NaN NaN NaN NaN NaN NaN NaN NaN NaN NaN NaN -0.4383711 -0.39927095 -0.2764362 0.5508901 0.4596791 NaN NaN NaN NaN NaN -0.120056614 0.71793777 0.45932057 0.5294077 0.06474918 0.41799828 -0.040275395 0.07654308 0.30551726 0.40396965 0.6701757 0.8746733 0.91638404 0.9493575 0.98193026 1.0 0.92585605 0.3851076 0.71561015 0.7290882 0.61760104 0.63248146 0.56584555 0.35409245 0.46054837 0.19040962 -0.21122798 0.2968233 -0.2592662 -0.5876306 -0.5103742 -0.45861992 -0.36536393 -0.17271644 0.3359295 0.4498939 0.48066154 0.24540149 -0.15643764 -0.41236445 -0.48515636 -0.6350603 -0.6352938 -0.55795074 -0.45472345 -0.5694131 -0.42018336 -0.638666 -0.6748189 -0.6823739 -0.36255822 -0.29944873 -0.5505769 -0.09193341 0.46623513 0.5108069 0.49845856 -0.102472894 -0.5820566 -0.5883779 -0.6650864 -0.65901923 -0.64609945 -0.6671158 -0.6590491 -0.63013816 -0.62740517 -0.65377396 -0.5821408 
NaN NaN NaN NaN NaN NaN NaN NaN NaN NaN NaN NaN NaN NaN NaN NaN NaN NaN -0.58923763 -0.578823 -0.4644915 0.38163793 0.26723984 NaN NaN NaN NaN NaN -0.33538786 0.62384963 0.44980487 0.60218835 0.2589397 0.52053297 0.16272645 0.27395734 0.4140059 0.49537784 0.70661324 0.8059711 0.81252396 0.8393918 0.88683224 0.92585605 1.0 0.6469899 0.8379402 0.6813506 0.58293355 0.5812321 0.59225124 0.4293129 0.50279546 0.33404413 -0.077114314 0.39446303 -0.14857283 -0.53098786 -0.4158125 -0.33005038 -0.19959345 0.044762008 0.48529482 0.48354122 0.52743757 0.3685358 -0.019556336 -0.3103213 -0.44259366 -0.610157 -0.67209345 -0.6078656 -0.4959823 -0.62560445 -0.46516663 -0.6732374 -0.6844564 -0.5737953 -0.2235259 -0.13190387 -0.38766542 0.10972566 0.506993 0.5146778 0.5128923 0.042110182 -0.46017322 -0.5383561 -0.66048187 -0.7245254 -0.6900233 -0.74042827 -0.72416025 -0.711247 -0.7131823 -0.7159505 -0.7035858 
NaN NaN NaN NaN NaN NaN NaN NaN NaN NaN NaN NaN NaN NaN NaN NaN NaN NaN -0.62955385 -0.6629895 -0.68964154 -0.20934318 -0.3511325 NaN NaN NaN NaN NaN -0.6676555 0.0074342135 0.3019488 0.47397608 0.7092125 0.5699375 0.6842515 0.762654 0.6690675 0.6688397 0.61531204 0.32209495 0.3127092 0.3148843 0.35167778 0.3851076 0.6469899 1.0 0.7558096 0.21809117 0.14862646 0.12535638 0.27945358 0.27810133 0.22159164 0.42004755 0.38276997 0.40929037 0.24252021 -0.08280182 0.0040534157 0.11476241 0.30560064 0.42471078 0.3096959 0.023374123 0.10868195 0.37161827 0.31150416 0.14639144 -0.09731245 -0.19364664 -0.39842483 -0.40453213 -0.3394981 -0.4380181 -0.33074424 -0.38648835 -0.33528805 0.010946654 0.2112123 0.33661896 0.25033256 0.4969926 0.2430688 0.10760657 0.16785778 0.35841724 0.13828889 -0.054858748 -0.2537083 -0.46784157 -0.3993865 -0.48636442 -0.46230832 -0.50717866 -0.52553916 -0.4577949 -0.615172 
NaN NaN NaN NaN NaN NaN NaN NaN NaN NaN NaN NaN NaN NaN NaN NaN NaN NaN -0.6932576 -0.6997723 -0.60469484 0.2661869 0.11779376 NaN NaN NaN NaN NaN -0.49663243 0.5162851 0.49010935 0.68438315 0.43431175 0.62928 0.35960674 0.45551175 0.54130197 0.60905623 0.72326654 0.6239118 0.6160014 0.6151841 0.65478367 0.71561015 0.8379402 0.7558096 1.0 0.7787651 0.7166619 0.69068503 0.7342794 0.56585085 0.57230175 0.4606377 0.11795298 0.5444267 -0.060360327 -0.47955012 -0.37019002 -0.2655936 -0.09008235 0.21452108 0.51734495 0.4020297 0.4654742 0.45790648 0.10882581 -0.19973709 -0.3882931 -0.5830753 -0.70585865 -0.64979637 -0.5378421 -0.6797581 -0.50347227 -0.70561147 -0.696537 -0.47935817 -0.026986606 0.094053626 -0.21025638 0.32526982 0.5853987 0.5277401 0.560488 0.2540906 -0.31938654 -0.42329362 -0.63090354 -0.7727264 -0.72836703 -0.77649796 -0.7655563 -0.7748476 -0.78250766 -0.7679747 -0.78174067 
NaN NaN NaN NaN NaN NaN NaN NaN NaN NaN NaN NaN NaN NaN NaN NaN NaN NaN -0.4260388 -0.41236392 -0.21894953 0.62604433 0.56072277 NaN NaN NaN NaN NaN -0.07498286 0.8085862 0.39132586 0.509311 -0.042943105 0.31262133 -0.14315385 -0.08449034 0.111569 0.21080917 0.45228803 0.6371031 0.63072646 0.63035244 0.6621363 0.7290882 0.6813506 0.21809117 0.7787651 1.0 0.97755545 0.9675904 0.8543995 0.57537067 0.5956815 0.24099247 -0.20218363 0.34063628 -0.24396652 -0.57429725 -0.48569298 -0.45076802 -0.38264364 -0.12918805 0.45204496 0.6165317 0.61778903 0.27954718 -0.18687195 -0.47512567 -0.5446495 -0.69344646 -0.6748231 -0.59878397 -0.4812737 -0.592282 -0.44789168 -0.68471646 -0.7098466 -0.7052727 -0.34553838 -0.26823044 -0.55215794 -0.031178353 0.6284288 0.72801274 0.6938736 -0.030437594 -0.6241411 -0.64821225 -0.72435874 -0.6991232 -0.69433737 -0.71891755 -0.7205265 -0.66362435 -0.66496634 -0.7005915 -0.5752725 
NaN NaN NaN NaN NaN NaN NaN NaN NaN NaN NaN NaN NaN NaN NaN NaN NaN NaN -0.43681613 -0.4237064 -0.22869737 0.60387063 0.54132247 NaN NaN NaN NaN NaN -0.0996627 0.7812993 0.35140613 0.47524425 -0.056659147 0.25448287 -0.15382332 -0.12833425 0.040713247 0.1484736 0.375927 0.5535265 0.5276616 0.5163518 0.54563594 0.61760104 0.58293355 0.14862646 0.7166619 0.97755545 1.0 0.98805654 0.8997704 0.6448182 0.63570654 0.28570017 -0.15958014 0.35905993 -0.22013627 -0.52670354 -0.43624687 -0.40848818 -0.34912494 -0.07077433 0.48213696 0.6469431 0.6391106 0.2910169 -0.1607578 -0.43870464 -0.5074373 -0.6537976 -0.64076227 -0.56734943 -0.45895538 -0.56806123 -0.42771703 -0.64789015 -0.6710529 -0.6498446 -0.30066174 -0.22500384 -0.4995135 0.0113615 0.6552211 0.7601916 0.7233447 0.015243933 -0.57575727 -0.6132897 -0.69016606 -0.6767912 -0.6665549 -0.69679177 -0.69754744 -0.6450259 -0.6474969 -0.6771373 -0.5716489 
NaN NaN NaN NaN NaN NaN NaN NaN NaN NaN NaN NaN NaN NaN NaN NaN NaN NaN -0.41501674 -0.40764076 -0.20377755 0.6085505 0.5555424 NaN NaN NaN NaN NaN -0.07385205 0.79483795 0.33858353 0.47773662 -0.079596706 0.24700004 -0.17328395 -0.14391106 0.049672768 0.1456531 0.3739899 0.57344234 0.551416 0.5403981 0.5686453 0.63248146 0.5812321 0.12535638 0.69068503 0.9675904 0.98805654 1.0 0.91608375 0.6592196 0.6524771 0.27650458 -0.16427848 0.36116293 -0.22064324 -0.5336078 -0.4507529 -0.42863804 -0.37427673 -0.11113201 0.44980517 0.62622046 0.6179292 0.255427 -0.19893277 -0.47240257 -0.53671163 -0.6767707 -0.65265787 -0.5801441 -0.46836317 -0.5696944 -0.42665392 -0.65486383 -0.6779333 -0.6624385 -0.30709624 -0.2332199 -0.5070893 0.0029031658 0.6624224 0.7650639 0.7271348 0.00897846 -0.5849001 -0.6227604 -0.6998978 -0.6763309 -0.67129207 -0.69798446 -0.7008578 -0.6424463 -0.64443874 -0.6779691 -0.5559737 
NaN NaN NaN NaN NaN NaN NaN NaN NaN NaN NaN NaN NaN NaN NaN NaN NaN NaN -0.61191046 -0.6238861 -0.44503188 0.4484844 0.34726265 NaN NaN NaN NaN NaN -0.3343159 0.6984136 0.38851056 0.6100965 0.14652868 0.39797136 0.06808969 0.07767309 0.21521986 0.31652194 0.49040985 0.5777523 0.5277718 0.501095 0.5191411 0.56584555 0.59225124 0.27945358 0.7342794 0.8543995 0.8997704 0.91608375 1.0 0.88137954 0.85085577 0.5822648 0.106134 0.60302204 -0.07707075 -0.45892566 -0.3806286 -0.34305045 -0.24605688 0.15303645 0.5901817 0.62308824 0.6429596 0.4191727 -0.011376947 -0.32980064 -0.46750432 -0.6564795 -0.714346 -0.6498997 -0.53132796 -0.6619139 -0.4947531 -0.7214264 -0.72784 -0.5651036 -0.1259771 -0.02669048 -0.33680502 0.23474738 0.71355253 0.7334969 0.738297 0.2045797 -0.45054063 -0.5688832 -0.71401197 -0.7781296 -0.75109935 -0.798237 -0.79078996 -0.762494 -0.77299285 -0.7790576 -0.72597706 
NaN NaN NaN NaN NaN NaN NaN NaN NaN NaN NaN NaN NaN NaN NaN NaN NaN NaN -0.6509393 -0.6934417 -0.5531902 0.19314757 0.088739686 NaN NaN NaN NaN NaN -0.48909575 0.47855726 0.30419075 0.583482 0.2786012 0.37512708 0.2442138 0.19353953 0.24396682 0.32486054 0.4026249 0.4127706 0.34641758 0.31326517 0.32313913 0.35409245 0.4293129 0.27810133 0.56585085 0.57537067 0.6448182 0.6592196 0.88137954 1.0 0.94418013 0.84504807 0.396689 0.7383271 0.10086021 -0.25286153 -0.22162083 -0.2040889 -0.09936144 0.37593424 0.61404127 0.5409669 0.57081574 0.46752042 0.14970647 -0.14180957 -0.3330627 -0.51193476 -0.639768 -0.6124991 -0.5087656 -0.63157105 -0.4767871 -0.6505728 -0.63454205 -0.33956867 0.06600445 0.17463829 -0.08154588 0.418994 0.660404 0.63140506 0.66171885 0.36874205 -0.22109216 -0.43452352 -0.60379213 -0.72078687 -0.686388 -0.74993277 -0.73044235 -0.7275131 -0.7460514 -0.7238001 -0.71881545 
NaN NaN NaN NaN NaN NaN NaN NaN NaN NaN NaN NaN NaN NaN NaN NaN NaN NaN -0.6403086 -0.6764885 -0.5302644 0.24027354 0.13285956 NaN NaN NaN NaN NaN -0.45466688 0.54275346 0.3628728 0.6806816 0.2076845 0.48945057 0.18704459 0.16781005 0.28996733 0.36418614 0.46997505 0.5037225 0.442407 0.41621196 0.42644888 0.46054837 0.50279546 0.22159164 0.57230175 0.5956815 0.63570654 0.6524771 0.85085577 0.94418013 1.0 0.81183904 0.27551374 0.79950386 -0.070228525 -0.43311304 -0.38873225 -0.35355118 -0.24489146 0.30797422 0.6673235 0.58730936 0.61571187 0.49449128 0.12608224 -0.20032313 -0.3369109 -0.5864461 -0.696762 -0.63502747 -0.5363064 -0.6670515 -0.4929095 -0.7126368 -0.7184211 -0.47852826 0.10197092 0.18464994 -0.2248865 0.38400108 0.7358567 0.67862403 0.7180271 0.37005597 -0.332623 -0.4494554 -0.64828616 -0.7755242 -0.75006723 -0.76714903 -0.7583635 -0.7689988 -0.7742911 -0.7754568 -0.7289612 
NaN NaN NaN NaN NaN NaN NaN NaN NaN NaN NaN NaN NaN NaN NaN NaN NaN NaN -0.73002386 -0.759833 -0.71933424 -0.04751842 -0.19419841 NaN NaN NaN NaN NaN -0.69154924 0.20773937 0.3436702 0.5969706 0.5477117 0.47733894 0.5158031 0.45752844 0.41200557 0.4878586 0.45885974 0.284216 0.21745943 0.18248437 0.1771225 0.19040962 0.33404413 0.42004755 0.4606377 0.24099247 0.28570017 0.27650458 0.5822648 0.84504807 0.81183904 1.0 0.6976969 0.8500157 0.2960216 -0.02194141 -0.06780134 -0.06554428 0.06212279 0.61007136 0.5840284 0.3516245 0.41083527 0.54714435 0.4168601 0.18385386 -0.050774142 -0.24696444 -0.48506945 -0.48520944 -0.42795423 -0.55439115 -0.40888998 -0.49972242 -0.4670457 -0.06708769 0.30556327 0.4114163 0.18121353 0.57253855 0.47166726 0.3461495 0.41284457 0.48611492 0.057005327 -0.17469473 -0.38912255 -0.61143833 -0.5464101 -0.61446923 -0.5886698 -0.6446499 -0.6641038 -0.60322917 -0.72850555 
NaN NaN NaN NaN NaN NaN NaN NaN NaN NaN NaN NaN NaN NaN NaN NaN NaN NaN -0.526435 -0.53361595 -0.63491076 -0.33003184 -0.47643393 NaN NaN NaN NaN NaN -0.66804343 -0.25008535 0.20914282 0.2574319 0.6977602 0.29416573 0.7125984 0.5899789 0.37115893 0.4305677 0.22605322 -0.18212213 -0.19278207 -0.21624088 -0.215246 -0.21122798 -0.077114314 0.38276997 0.11795298 -0.20218363 -0.15958014 -0.16427848 0.106134 0.396689 0.27551374 0.6976969 1.0 0.58834016 0.7150015 0.5190316 0.3381881 0.25151443 0.35455137 0.5405118 0.07845922 -0.18596572 -0.106713206 0.30512556 0.5328067 0.53764665 0.30086103 0.25910532 -0.033408422 -0.10815163 -0.12561594 -0.19874501 -0.14146976 -0.009952827 0.05250467 0.47064048 0.47026035 0.55661595 0.59972334 0.588562 0.04522765 -0.13504818 -0.048776213 0.4938765 0.5409826 0.30650684 0.14797457 -0.13158676 -0.04068295 -0.13478227 -0.11987641 -0.20739843 -0.23817758 -0.11359255 -0.41240245 
NaN NaN NaN NaN NaN NaN NaN NaN NaN NaN NaN NaN NaN NaN NaN NaN NaN NaN -0.77848667 -0.7784461 -0.75036496 0.081370756 -0.11075604 NaN NaN NaN NaN NaN -0.68828505 0.29191238 0.51225436 0.7726227 0.54795736 0.68206227 0.5397814 0.48200867 0.5315055 0.62766 0.5731978 0.3047373 0.27218586 0.2464112 0.2589175 0.2968233 0.39446303 0.40929037 0.5444267 0.34063628 0.35905993 0.36116293 0.60302204 0.7383271 0.79950386 0.8500157 0.58834016 1.0 0.14721598 -0.24477737 -0.29947445 -0.2628525 -0.09448736 0.55875677 0.617545 0.36023742 0.43840674 0.6498459 0.48423138 0.19975178 0.0029703095 -0.2997528 -0.5592691 -0.52145404 -0.48114312 -0.63068604 -0.4539561 -0.5789309 -0.5707598 -0.19177602 0.42976058 0.5138782 0.075600185 0.62058645 0.60378003 0.3967261 0.49271062 0.5696299 -0.0014155131 -0.109610565 -0.4051624 -0.69775784 -0.63166904 -0.634088 -0.63131034 -0.7244968 -0.7321733 -0.68312156 -0.79412067 
NaN NaN NaN NaN NaN NaN NaN NaN NaN NaN NaN NaN NaN NaN NaN NaN NaN NaN -0.17511265 -0.20893635 -0.2735916 -0.34287414 -0.37225428 NaN NaN NaN NaN NaN -0.33134848 -0.30411237 -0.1575838 -0.12565582 0.309063 -0.12665859 0.3669674 0.23057593 0.007512158 0.022160783 -0.11387991 -0.24334659 -0.2516136 -0.2621438 -0.25976956 -0.2592662 -0.14857283 0.24252021 -0.060360327 -0.24396652 -0.22013627 -0.22064324 -0.07707075 0.10086021 -0.070228525 0.2960216 0.7150015 0.14721598 1.0 0.80381924 0.5992332 0.42336157 0.3711613 0.12644953 -0.164305 -0.24435285 -0.21878049 -0.056073945 0.12969624 0.22783172 0.08527062 0.25306156 0.16458538 0.06342708 0.07723519 0.075627826 0.036268383 0.2012852 0.2847544 0.52154005 0.116686255 0.17710802 0.5144899 0.29246786 -0.15957671 -0.19813934 -0.18391919 0.15123495 0.4393315 0.18354292 0.2191502 0.14560474 0.19092514 0.06602 0.08000658 0.09155698 0.046442777 0.13592343 -0.06644302 
NaN NaN NaN NaN NaN NaN NaN NaN NaN NaN NaN NaN NaN NaN NaN NaN NaN NaN 0.17585157 0.15681823 0.03702085 -0.462879 -0.41791874 NaN NaN NaN NaN NaN -0.07510593 -0.5669297 -0.40635505 -0.4909919 0.09161724 -0.4355774 0.1755057 0.025933571 -0.22908507 -0.26589486 -0.45204934 -0.54472095 -0.54707474 -0.54797477 -0.56513447 -0.5876306 -0.53098786 -0.08280182 -0.47955012 -0.57429725 -0.52670354 -0.5336078 -0.45892566 -0.25286153 -0.43311304 -0.02194141 0.5190316 -0.24477737 0.80381924 1.0 0.8665111 0.697185 0.56287515 0.09209565 -0.42967555 -0.45984852 -0.46684065 -0.28719863 0.088542804 0.36628518 0.31868422 0.5914456 0.5672099 0.4313935 0.37553996 0.44233468 0.31662923 0.58155227 0.65104383 0.72057384 0.06669759 0.06912769 0.56916416 0.041729953 -0.51265603 -0.4955488 -0.5082593 -0.06469734 0.5371262 0.36491963 0.519746 0.55046403 0.57684016 0.45585632 0.48359722 0.5010822 0.46627247 0.5369006 0.32973084 
NaN NaN NaN NaN NaN NaN NaN NaN NaN NaN NaN NaN NaN NaN NaN NaN NaN NaN 0.13318588 0.0952098 0.013647702 -0.4476409 -0.39904955 NaN NaN NaN NaN NaN -0.105401695 -0.512286 -0.41780654 -0.42581546 0.061533786 -0.39920717 0.15684679 0.051171485 -0.19765624 -0.25962785 -0.4040683 -0.45613778 -0.47729123 -0.47600427 -0.48861352 -0.5103742 -0.4158125 0.0040534157 -0.37019002 -0.48569298 -0.43624687 -0.4507529 -0.3806286 -0.22162083 -0.38873225 -0.06780134 0.3381881 -0.29947445 0.5992332 0.8665111 1.0 0.9165047 0.78837717 0.18474568 -0.24638155 -0.30739447 -0.3189384 -0.16980334 0.101461254 0.2970799 0.22832789 0.44747418 0.4289816 0.31193286 0.27754706 0.34130362 0.2230508 0.43077448 0.50228125 0.59378874 0.019379728 0.022040237 0.47865316 0.055528414 -0.4239305 -0.38760415 -0.40192556 -0.064403296 0.41083908 0.23286003 0.3442664 0.4066928 0.41594967 0.29322395 0.3330259 0.3586636 0.33314067 0.37952495 0.25675923 
NaN NaN NaN NaN NaN NaN NaN NaN NaN NaN NaN NaN NaN NaN NaN NaN NaN NaN 0.011572909 -0.017825948 -0.106894895 -0.4474153 -0.43090948 NaN NaN NaN NaN NaN -0.2147879 -0.4741182 -0.333361 -0.30980852 0.1740741 -0.2567992 0.2495778 0.1883564 -0.053427026 -0.12791696 -0.28448245 -0.39482927 -0.4229486 -0.42416698 -0.43664417 -0.45861992 -0.33005038 0.11476241 -0.2655936 -0.45076802 -0.40848818 -0.42863804 -0.34305045 -0.2040889 -0.35355118 -0.06554428 0.25151443 -0.2628525 0.42336157 0.697185 0.9165047 1.0 0.94325787 0.33737567 -0.13817874 -0.2640173 -0.26393318 -0.049758613 0.21542439 0.36992133 0.28596643 0.44478595 0.39124444 0.28107017 0.23979267 0.28792948 0.19170575 0.3738538 0.44246894 0.5512659 0.09489592 0.10371397 0.4753454 0.10977433 -0.3728494 -0.36740738 -0.36688343 -0.005469363 0.40602174 0.23746932 0.30645567 0.32689938 0.3473724 0.22138181 0.26984742 0.27231342 0.25427842 0.29752415 0.1394906 
NaN NaN NaN NaN NaN NaN NaN NaN NaN NaN NaN NaN NaN NaN NaN NaN NaN NaN -0.18780318 -0.20814197 -0.31159922 -0.44243607 -0.48622397 NaN NaN NaN NaN NaN -0.40124142 -0.43084008 -0.15888557 -0.12710342 0.40025687 -0.045312233 0.45658368 0.4030427 0.14163747 0.09388835 -0.07582882 -0.31256416 -0.33775377 -0.34463495 -0.3509607 -0.36536393 -0.19959345 0.30560064 -0.09008235 -0.38264364 -0.34912494 -0.37427673 -0.24605688 -0.09936144 -0.24489146 0.06212279 0.35455137 -0.09448736 0.3711613 0.56287515 0.78837717 0.94325787 1.0 0.48337498 -0.048136458 -0.25194618 -0.22526245 0.09497426 0.36601406 0.4729029 0.33208832 0.42642292 0.27832747 0.17059375 0.12175548 0.12909132 0.06506551 0.26832575 0.3428947 0.53999066 0.22434202 0.26409614 0.53036 0.257606 -0.26777935 -0.32352263 -0.2933137 0.1478966 0.46330798 0.28066453 0.26632184 0.18563487 0.23370253 0.10738451 0.15073252 0.11736541 0.10258513 0.16971381 -0.05317776 
NaN NaN NaN NaN NaN NaN NaN NaN NaN NaN NaN NaN NaN NaN NaN NaN NaN NaN -0.59288347 -0.5881804 -0.6580133 -0.24225172 -0.38475963 NaN NaN NaN NaN NaN -0.6855908 -0.15983957 0.22911197 0.38445124 0.63273734 0.38931993 0.63388145 0.5600144 0.40621075 0.44705695 0.27595216 -0.07970285 -0.14096045 -0.1696698 -0.17814724 -0.17271644 0.044762008 0.42471078 0.21452108 -0.12918805 -0.07077433 -0.11113201 0.15303645 0.37593424 0.30797422 0.61007136 0.5405118 0.55875677 0.12644953 0.09209565 0.18474568 0.33737567 0.48337498 1.0 0.5593692 0.18629658 0.24899969 0.666484 0.80033576 0.67240417 0.43277323 0.24458615 -0.09763595 -0.15577568 -0.20170388 -0.3014368 -0.24455892 -0.1899442 -0.16077724 0.2237873 0.4313384 0.5027246 0.3738756 0.5179235 0.1253179 -0.021397384 0.046586853 0.40042755 0.2725996 0.097631946 -0.097610526 -0.3300159 -0.2565984 -0.31884387 -0.28345466 -0.37524632 -0.3827329 -0.31091693 -0.51283073 
NaN NaN NaN NaN NaN NaN NaN NaN NaN NaN NaN NaN NaN NaN NaN NaN NaN NaN -0.6252411 -0.6304646 -0.50141734 0.30395302 0.19042279 NaN NaN NaN NaN NaN -0.4375785 0.4778172 0.3419162 0.65596485 0.22339067 0.4740532 0.20924845 0.20382082 0.25770932 0.33873472 0.42040646 0.4129624 0.3252626 0.2944125 0.30188617 0.3359295 0.48529482 0.3096959 0.51734495 0.45204496 0.48213696 0.44980517 0.5901817 0.61404127 0.6673235 0.5840284 0.07845922 0.617545 -0.164305 -0.42967555 -0.24638155 -0.13817874 -0.048136458 0.5593692 1.0 0.8548105 0.88318944 0.8242502 0.43044525 0.030544652 -0.12539425 -0.44779643 -0.6100651 -0.5598765 -0.49819517 -0.6252163 -0.48054713 -0.6841499 -0.69165254 -0.43943956 0.07271184 0.12986317 -0.24931702 0.32031217 0.5464364 0.5221391 0.54705137 0.23546408 -0.3661195 -0.48240173 -0.6548257 -0.7705551 -0.7448836 -0.7559837 -0.7406996 -0.7601592 -0.75321674 -0.76651317 -0.70869076 
NaN NaN NaN NaN NaN NaN NaN NaN NaN NaN NaN NaN NaN NaN NaN NaN NaN NaN -0.4277671 -0.4095221 -0.20465551 0.6094894 0.56222343 NaN NaN NaN NaN NaN -0.110695146 0.72318023 0.2608201 0.45367998 -0.09892056 0.21696423 -0.1618576 -0.1696373 -0.04610237 0.065505505 0.2836404 0.51491857 0.4350596 0.40701866 0.41527477 0.4498939 0.48354122 0.023374123 0.4020297 0.6165317 0.6469431 0.62622046 0.62308824 0.5409669 0.58730936 0.3516245 -0.18596572 0.36023742 -0.24435285 -0.45984852 -0.30739447 -0.2640173 -0.25194618 0.18629658 0.8548105 1.0 0.98489535 0.6081473 0.119989045 -0.22747022 -0.30275434 -0.5401448 -0.57550114 -0.5127965 -0.43827668 -0.5373578 -0.4121762 -0.6336161 -0.66156435 -0.59741694 -0.2605053 -0.22211587 -0.5100932 -0.011999608 0.50580966 0.63412 0.5960311 -0.049699914 -0.5822914 -0.64893526 -0.69569606 -0.6806379 -0.67546934 -0.6906138 -0.6848418 -0.6484343 -0.64112836 -0.6799485 -0.558483 
NaN NaN NaN NaN NaN NaN NaN NaN NaN NaN NaN NaN NaN NaN NaN NaN NaN NaN -0.50078547 -0.47275764 -0.28669107 0.6146707 0.53314334 NaN NaN NaN NaN NaN -0.18411711 0.72410846 0.35115552 0.5306903 0.009031544 0.32118678 -0.056264114 -0.057810877 0.052956015 0.17702332 0.37537554 0.5308676 0.46245953 0.4345504 0.44656813 0.48066154 0.52743757 0.10868195 0.4654742 0.61778903 0.6391106 0.6179292 0.6429596 0.57081574 0.61571187 0.41083527 -0.106713206 0.43840674 -0.21878049 -0.46684065 -0.3189384 -0.26393318 -0.22526245 0.24899969 0.88318944 0.98489535 1.0 0.7128158 0.2283725 -0.14707443 -0.24870427 -0.52723354 -0.6023325 -0.5409886 -0.46995887 -0.584531 -0.44844925 -0.6724817 -0.6999509 -0.60238236 -0.23526566 -0.18623097 -0.49652964 0.023585524 0.4910039 0.5866008 0.5682137 -0.024359055 -0.56801444 -0.6469398 -0.719974 -0.73484254 -0.7208579 -0.7358123 -0.7272938 -0.70475227 -0.69874424 -0.72960174 -0.6304166 
NaN NaN NaN NaN NaN NaN NaN NaN NaN NaN NaN NaN NaN NaN NaN NaN NaN NaN -0.6583004 -0.6040639 -0.58463496 0.2947824 0.09983802 NaN NaN NaN NaN NaN -0.51710975 0.33829784 0.5470243 0.6759302 0.50987613 0.6341039 0.46955937 0.4660231 0.43792117 0.5632991 0.55133253 0.27835798 0.2489766 0.21734332 0.22455472 0.24540149 0.3685358 0.37161827 0.45790648 0.27954718 0.2910169 0.255427 0.4191727 0.46752042 0.49449128 0.54714435 0.30512556 0.6498459 -0.056073945 -0.28719863 -0.16980334 -0.049758613 0.09497426 0.666484 0.8242502 0.6081473 0.7128158 1.0 0.7844429 0.42658013 0.24914227 -0.15378846 -0.43295288 -0.40886953 -0.41132474 -0.5538007 -0.4347673 -0.55917627 -0.5725405 -0.3097788 0.12258285 0.17542359 -0.15965053 0.25757352 0.2692528 0.18065268 0.2489911 0.18558034 -0.22454056 -0.30775747 -0.5056799 -0.68296236 -0.6331948 -0.62946194 -0.6095107 -0.6770387 -0.6737584 -0.6618389 -0.70889246 
NaN NaN NaN NaN NaN NaN NaN NaN NaN NaN NaN NaN NaN NaN NaN NaN NaN NaN -0.49429363 -0.42736903 -0.54558736 -0.07030449 -0.24381587 NaN NaN NaN NaN NaN -0.5512227 -0.12522157 0.38246155 0.3820657 0.68114334 0.486006 0.6557572 0.59919775 0.4322528 0.5169311 0.33809596 -0.11583732 -0.12268062 -0.14987922 -0.15387993 -0.15643764 -0.019556336 0.31150416 0.10882581 -0.18687195 -0.1607578 -0.19893277 -0.011376947 0.14970647 0.12608224 0.4168601 0.5328067 0.48423138 0.12969624 0.088542804 0.101461254 0.21542439 0.36601406 0.80033576 0.43044525 0.119989045 0.2283725 0.7844429 1.0 0.873888 0.69749105 0.37867612 0.0047596763 -0.041932568 -0.14220592 -0.24375944 -0.21687561 -0.1268718 -0.120918624 0.16168477 0.34738335 0.38248035 0.22029035 0.27894026 -0.10006891 -0.23301637 -0.15985127 0.21264544 0.21316688 0.16183722 -0.030972008 -0.26772204 -0.19769841 -0.19927803 -0.18633242 -0.30407333 -0.30075052 -0.23776649 -0.43654877 
NaN NaN NaN NaN NaN NaN NaN NaN NaN NaN NaN NaN NaN NaN NaN NaN NaN NaN -0.24269836 -0.1685636 -0.35525402 -0.26527426 -0.38215393 NaN NaN NaN NaN NaN -0.41274154 -0.40594378 0.16049416 0.035286836 0.5921201 0.21407051 0.5817041 0.4851072 0.26620233 0.31375372 0.083159745 -0.36811727 -0.36069974 -0.37982365 -0.39301923 -0.41236445 -0.3103213 0.14639144 -0.19973709 -0.47512567 -0.43870464 -0.47240257 -0.32980064 -0.14180957 -0.20032313 0.18385386 0.53764665 0.19975178 0.22783172 0.36628518 0.2970799 0.36992133 0.4729029 0.67240417 0.030544652 -0.22747022 -0.14707443 0.42658013 0.873888 1.0 0.8774607 0.7330212 0.38596755 0.28697008 0.13067521 0.07457787 0.001009826 0.2676348 0.28237307 0.45170254 0.35752144 0.36892137 0.39342788 0.15354376 -0.37128854 -0.48532143 -0.43199918 0.11384277 0.42965677 0.42426643 0.33132195 0.13887961 0.20670922 0.18796505 0.19627543 0.0867131 0.0877798 0.16350035 -0.1176629 
NaN NaN NaN NaN NaN NaN NaN NaN NaN NaN NaN NaN NaN NaN NaN NaN NaN NaN -0.031108834 0.045275535 -0.1460686 -0.26433524 -0.3298401 NaN NaN NaN NaN NaN -0.2146679 -0.44138327 0.019308094 -0.11549834 0.35846907 0.06298857 0.35290858 0.2745112 0.09401161 0.10829541 -0.09729706 -0.4495812 -0.43818793 -0.45192748 -0.46626922 -0.48515636 -0.44259366 -0.09731245 -0.3882931 -0.5446495 -0.5074373 -0.53671163 -0.46750432 -0.3330627 -0.3369109 -0.050774142 0.30086103 0.0029703095 0.08527062 0.31868422 0.22832789 0.28596643 0.33208832 0.43277323 -0.12539425 -0.30275434 -0.24870427 0.24914227 0.69749105 0.8774607 1.0 0.8511538 0.587513 0.52016085 0.32066226 0.27781996 0.17086002 0.4690212 0.45255193 0.45595986 0.32649094 0.27131554 0.2753873 -0.056781657 -0.48608124 -0.5531244 -0.522846 -0.051627316 0.36449525 0.49919924 0.5032555 0.35722134 0.4210021 0.44292578 0.4330451 0.3088326 0.3269567 0.377564 0.099724546 
NaN NaN NaN NaN NaN NaN NaN NaN NaN NaN NaN NaN NaN NaN NaN NaN NaN NaN 0.19785826 0.24350573 0.04329286 -0.43326294 -0.42446777 NaN NaN NaN NaN NaN -0.06516258 -0.62938297 -0.26654452 -0.44377586 0.17013757 -0.2808145 0.19940095 0.08435202 -0.13806412 -0.16205631 -0.37783292 -0.6117799 -0.5922588 -0.59219885 -0.60715824 -0.6350603 -0.610157 -0.19364664 -0.5830753 -0.69344646 -0.6537976 -0.6767707 -0.6564795 -0.51193476 -0.5864461 -0.24696444 0.25910532 -0.2997528 0.25306156 0.5914456 0.44747418 0.44478595 0.42642292 0.24458615 -0.44779643 -0.5401448 -0.52723354 -0.15378846 0.37867612 0.7330212 0.8511538 1.0 0.823912 0.6941375 0.4919999 0.51317805 0.34120166 0.77403134 0.7865891 0.71793336 0.24583381 0.19346052 0.4604155 -0.100501694 -0.6342779 -0.655794 -0.6547788 -0.12890425 0.52994424 0.5965107 0.7466106 0.6933402 0.7524128 0.698181 0.69485927 0.6280219 0.63782203 0.7047391 0.3882607 
NaN NaN NaN NaN NaN NaN NaN NaN NaN NaN NaN NaN NaN NaN NaN NaN NaN NaN 0.44397515 0.47602072 0.3086778 -0.38764244 -0.31163338 NaN NaN NaN NaN NaN 0.19609663 -0.6045267 -0.45192862 -0.63646 -0.17493875 -0.51087606 -0.12712498 -0.22100462 -0.38557667 -0.43296462 -0.5759573 -0.6243934 -0.60092324 -0.5862612 -0.6067782 -0.6352938 -0.67209345 -0.39842483 -0.70585865 -0.6748231 -0.64076227 -0.65265787 -0.714346 -0.639768 -0.696762 -0.48506945 -0.033408422 -0.5592691 0.16458538 0.5672099 0.4289816 0.39124444 0.27832747 -0.09763595 -0.6100651 -0.57550114 -0.6023325 -0.43295288 0.0047596763 0.38596755 0.587513 0.823912 1.0 0.9308179 0.7600192 0.79254526 0.6250837 0.89740324 0.875448 0.5894815 0.0172796 -0.0521707 0.30032673 -0.31884244 -0.676354 -0.63039637 -0.66059214 -0.28494853 0.41550767 0.52393717 0.76214087 0.8497084 0.876631 0.84266114 0.8572495 0.8302888 0.85051274 0.86709976 0.6130593 
NaN NaN NaN NaN NaN NaN NaN NaN NaN NaN NaN NaN NaN NaN NaN NaN NaN NaN 0.4106965 0.45014578 0.29639953 -0.31244013 -0.2482189 NaN NaN NaN NaN NaN 0.20007986 -0.5237225 -0.40074795 -0.5718626 -0.21653788 -0.44759178 -0.18038829 -0.23944351 -0.3591778 -0.39786473 -0.50969857 -0.5444839 -0.5253382 -0.5121113 -0.53193873 -0.55795074 -0.6078656 -0.40453213 -0.64979637 -0.59878397 -0.56734943 -0.5801441 -0.6498997 -0.6124991 -0.63502747 -0.48520944 -0.10815163 -0.52145404 0.06342708 0.4313935 0.31193286 0.28107017 0.17059375 -0.15577568 -0.5598765 -0.5127965 -0.5409886 -0.40886953 -0.041932568 0.28697008 0.52016085 0.6941375 0.9308179 1.0 0.89782214 0.8377451 0.61755073 0.79362696 0.7522106 0.4566565 0.017335124 -0.05581416 0.21307452 -0.31831387 -0.597717 -0.5611035 -0.5891246 -0.2593443 0.34641007 0.50629425 0.69418335 0.7625015 0.7902875 0.79602194 0.7991132 0.75667506 0.79047924 0.78285825 0.5585807 
NaN NaN NaN NaN NaN NaN NaN NaN NaN NaN NaN NaN NaN NaN NaN NaN NaN NaN 0.3861352 0.40466303 0.2900963 -0.2746333 -0.20494017 NaN NaN NaN NaN NaN 0.20948736 -0.43723375 -0.3827528 -0.5140012 -0.24856265 -0.42739215 -0.20114152 -0.24290504 -0.34658766 -0.38669068 -0.46478206 -0.4501248 -0.43285036 -0.41626564 -0.43027544 -0.45472345 -0.4959823 -0.3394981 -0.5378421 -0.4812737 -0.45895538 -0.46836317 -0.53132796 -0.5087656 -0.5363064 -0.42795423 -0.12561594 -0.48114312 0.07723519 0.37553996 0.27754706 0.23979267 0.12175548 -0.20170388 -0.49819517 -0.43827668 -0.46995887 -0.41132474 -0.14220592 0.13067521 0.32066226 0.4919999 0.7600192 0.89782214 1.0 0.86211604 0.5857091 0.58282036 0.5561003 0.30389792 -0.074943826 -0.121456034 0.14637262 -0.29549918 -0.49896476 -0.45352015 -0.48462966 -0.24793938 0.24728976 0.36065403 0.5376102 0.6443866 0.6448233 0.6370359 0.64489686 0.64394534 0.67670935 0.65286314 0.49654123 
NaN NaN NaN NaN NaN NaN NaN NaN NaN NaN NaN NaN NaN NaN NaN NaN NaN NaN 0.5638624 0.572819 0.4495766 -0.3338265 -0.21887067 NaN NaN NaN NaN NaN 0.34993097 -0.5280486 -0.48594862 -0.6550063 -0.35336125 -0.5676835 -0.3027984 -0.34769312 -0.4495433 -0.5202397 -0.6148762 -0.5578593 -0.53700304 -0.5202912 -0.53814965 -0.5694131 -0.62560445 -0.4380181 -0.6797581 -0.592282 -0.56806123 -0.5696944 -0.6619139 -0.63157105 -0.6670515 -0.55439115 -0.19874501 -0.63068604 0.075627826 0.44233468 0.34130362 0.28792948 0.12909132 -0.3014368 -0.6252163 -0.5373578 -0.584531 -0.5538007 -0.24375944 0.07457787 0.27781996 0.51317805 0.79254526 0.8377451 0.86211604 1.0 0.86278665 0.75041074 0.7003021 0.40290934 -0.07538606 -0.1548636 0.20052032 -0.3571364 -0.5992046 -0.53880847 -0.5829818 -0.30648705 0.29937872 0.41043332 0.6435007 0.7946741 0.77879405 0.77368325 0.7962533 0.8128653 0.8277272 0.8030364 0.68167627 
NaN NaN NaN NaN NaN NaN NaN NaN NaN NaN NaN NaN NaN NaN NaN NaN NaN NaN 0.35207438 0.36406824 0.2608612 -0.26085183 -0.19709222 NaN NaN NaN NaN NaN 0.1877875 -0.40232575 -0.37016326 -0.47611675 -0.257643 -0.4079878 -0.2297276 -0.26626655 -0.33465666 -0.37232035 -0.44288355 -0.4124113 -0.39595503 -0.3844617 -0.3985632 -0.42018336 -0.46516663 -0.33074424 -0.50347227 -0.44789168 -0.42771703 -0.42665392 -0.4947531 -0.4767871 -0.4929095 -0.40888998 -0.14146976 -0.4539561 0.036268383 0.31662923 0.2230508 0.19170575 0.06506551 -0.24455892 -0.48054713 -0.4121762 -0.44844925 -0.4347673 -0.21687561 0.001009826 0.17086002 0.34120166 0.6250837 0.61755073 0.5857091 0.86278665 1.0 0.6741075 0.5856163 0.34174028 0.025464358 -0.039039157 0.20050746 -0.22812973 -0.42794734 -0.39663213 -0.42080992 -0.16884947 0.3063683 0.4049125 0.5750407 0.63849807 0.6541532 0.64168173 0.6736517 0.63890314 0.65038526 0.6539555 0.46821493 
NaN NaN NaN NaN NaN NaN NaN NaN NaN NaN NaN NaN NaN NaN NaN NaN NaN NaN 0.43821162 0.46036613 0.29644763 -0.42342058 -0.34456006 NaN NaN NaN NaN NaN 0.18103951 -0.6261073 -0.47777075 -0.6594823 -0.18416397 -0.5496657 -0.14481369 -0.23770504 -0.39588484 -0.44663265 -0.58753145 -0.6272842 -0.6047522 -0.5911921 -0.6083408 -0.638666 -0.6732374 -0.38648835 -0.70561147 -0.68471646 -0.64789015 -0.65486383 -0.7214264 -0.6505728 -0.7126368 -0.49972242 -0.009952827 -0.5789309 0.2012852 0.58155227 0.43077448 0.3738538 0.26832575 -0.1899442 -0.6841499 -0.6336161 -0.6724817 -0.55917627 -0.1268718 0.2676348 0.4690212 0.77403134 0.89740324 0.79362696 0.58282036 0.75041074 0.6741075 1.0 0.97591037 0.7331833 0.15760045 0.071571045 0.4477937 -0.17078543 -0.6169908 -0.5999649 -0.6227054 -0.15141967 0.57016486 0.65834105 0.8874312 0.90958315 0.95438886 0.902147 0.9139893 0.8746834 0.88392985 0.9287701 0.6326063 
NaN NaN NaN NaN NaN NaN NaN NaN NaN NaN NaN NaN NaN NaN NaN NaN NaN NaN 0.435961 0.444834 0.2809378 -0.4783135 -0.39648488 NaN NaN NaN NaN NaN 0.15579894 -0.67182684 -0.5055795 -0.673712 -0.14958009 -0.5622723 -0.099925436 -0.18780151 -0.37361515 -0.43586752 -0.6013991 -0.6621935 -0.64351356 -0.6318096 -0.64578825 -0.6748189 -0.6844564 -0.33528805 -0.696537 -0.7098466 -0.6710529 -0.6779333 -0.72784 -0.63454205 -0.7184211 -0.4670457 0.05250467 -0.5707598 0.2847544 0.65104383 0.50228125 0.44246894 0.3428947 -0.16077724 -0.69165254 -0.66156435 -0.6999509 -0.5725405 -0.120918624 0.28237307 0.45255193 0.7865891 0.875448 0.7522106 0.5561003 0.7003021 0.5856163 0.97591037 1.0 0.79472566 0.19581519 0.1129719 0.52532697 -0.10218165 -0.6175029 -0.60817444 -0.6280816 -0.10547449 0.6316409 0.6801793 0.9000421 0.9121544 0.9532835 0.887742 0.89616627 0.8630831 0.8618279 0.9186679 0.6309666 
NaN NaN NaN NaN NaN NaN NaN NaN NaN NaN NaN NaN NaN NaN NaN NaN NaN NaN 0.078285895 0.045642547 -0.12745178 -0.6700601 -0.66195804 NaN NaN NaN NaN NaN -0.25904837 -0.75406986 -0.4241341 -0.43000656 0.22410128 -0.3220117 0.29958373 0.17843772 -0.072360866 -0.13340722 -0.41610295 -0.6678845 -0.6706364 -0.6709204 -0.67051005 -0.6823739 -0.5737953 0.010946654 -0.47935817 -0.7052727 -0.6498446 -0.6624385 -0.5651036 -0.33956867 -0.47852826 -0.06708769 0.47064048 -0.19177602 0.52154005 0.72057384 0.59378874 0.5512659 0.53999066 0.2237873 -0.43943956 -0.59741694 -0.60238236 -0.3097788 0.16168477 0.45170254 0.45595986 0.71793336 0.5894815 0.4566565 0.30389792 0.40290934 0.34174028 0.7331833 0.79472566 1.0 0.5588653 0.52995425 0.8881007 0.404833 -0.3868554 -0.4841248 -0.45079163 0.30814567 0.88796747 0.766579 0.82729954 0.6490823 0.7226358 0.62936354 0.64012754 0.54928493 0.5344108 0.651983 0.3008472 
NaN NaN NaN NaN NaN NaN NaN NaN NaN NaN NaN NaN NaN NaN NaN NaN NaN NaN -0.3455679 -0.3845861 -0.5074393 -0.53504324 -0.6402457 NaN NaN NaN NaN NaN -0.5747741 -0.46047235 -0.036670096 0.18965301 0.39916945 0.280689 0.46719703 0.41642737 0.32532367 0.29771405 0.032795504 -0.3786018 -0.40180874 -0.41094357 -0.39119583 -0.36255822 -0.2235259 0.2112123 -0.026986606 -0.34553838 -0.30066174 -0.30709624 -0.1259771 0.06600445 0.10197092 0.30556327 0.47026035 0.42976058 0.116686255 0.06669759 0.019379728 0.09489592 0.22434202 0.4313384 0.07271184 -0.2605053 -0.23526566 0.12258285 0.34738335 0.35752144 0.32649094 0.24583381 0.0172796 0.017335124 -0.074943826 -0.07538606 0.025464358 0.15760045 0.19581519 0.5588653 1.0 0.9582514 0.72951454 0.81765217 0.25425434 -0.019198617 0.09723908 0.824494 0.72283417 0.73329455 0.4694377 0.055295028 0.1306087 0.18092535 0.15411337 -0.039901577 -0.02932402 0.048328806 -0.1996961 
NaN NaN NaN NaN NaN NaN NaN NaN NaN NaN NaN NaN NaN NaN NaN NaN NaN NaN -0.4539839 -0.50446516 -0.61373454 -0.5494748 -0.6718002 NaN NaN NaN NaN NaN -0.67587227 -0.42535058 0.007059123 0.2762957 0.5079907 0.336704 0.5828973 0.50546396 0.3666365 0.3557252 0.0986853 -0.33078876 -0.353447 -0.3593099 -0.33465362 -0.29944873 -0.13190387 0.33661896 0.094053626 -0.26823044 -0.22500384 -0.2332199 -0.02669048 0.17463829 0.18464994 0.4114163 0.55661595 0.5138782 0.17710802 0.06912769 0.022040237 0.10371397 0.26409614 0.5027246 0.12986317 -0.22211587 -0.18623097 0.17542359 0.38248035 0.36892137 0.27131554 0.19346052 -0.0521707 -0.05581416 -0.121456034 -0.1548636 -0.039039157 0.071571045 0.1129719 0.52995425 0.9582514 1.0 0.743506 0.8723248 0.3237184 0.04680915 0.16820385 0.8745287 0.7218854 0.6698897 0.39160252 -0.038520627 0.04845331 0.072840646 0.0498813 -0.13384864 -0.13007782 -0.034264993 -0.30635384 
NaN NaN NaN NaN NaN NaN NaN NaN NaN NaN NaN NaN NaN NaN NaN NaN NaN NaN -0.15708666 -0.21735239 -0.36695665 -0.71069473 -0.7549701 NaN NaN NaN NaN NaN -0.485233 -0.6948064 -0.30818295 -0.19336852 0.393893 -0.112788506 0.46173227 0.35109848 0.11009264 0.07351796 -0.22080974 -0.55582035 -0.56637776 -0.56787854 -0.555933 -0.5505769 -0.38766542 0.25033256 -0.21025638 -0.55215794 -0.4995135 -0.5070893 -0.33680502 -0.08154588 -0.2248865 0.18121353 0.59972334 0.075600185 0.5144899 0.56916416 0.47865316 0.4753454 0.53036 0.3738756 -0.24931702 -0.5100932 -0.49652964 -0.15965053 0.22029035 0.39342788 0.2753873 0.4604155 0.30032673 0.21307452 0.14637262 0.20052032 0.20050746 0.4477937 0.52532697 0.8881007 0.72951454 0.743506 1.0 0.70003784 -0.089516334 -0.2707464 -0.1967313 0.6174321 0.93365294 0.73452854 0.6468906 0.37390584 0.44737703 0.3671499 0.37707198 0.262207 0.2415285 0.3649527 0.04272702 
NaN NaN NaN NaN NaN NaN NaN NaN NaN NaN NaN NaN NaN NaN NaN NaN NaN NaN -0.6006877 -0.6760675 -0.7144929 -0.4518059 -0.58387494 NaN NaN NaN NaN NaN -0.7503259 -0.24697065 0.029470222 0.36763158 0.472778 0.3585275 0.5540163 0.4872324 0.40001458 0.40793434 0.20995463 -0.12176136 -0.16227712 -0.17113711 -0.13772053 -0.09193341 0.10972566 0.4969926 0.32526982 -0.031178353 0.0113615 0.0029031658 0.23474738 0.418994 0.38400108 0.57253855 0.588562 0.62058645 0.29246786 0.041729953 0.055528414 0.10977433 0.257606 0.5179235 0.32031217 -0.011999608 0.023585524 0.25757352 0.27894026 0.15354376 -0.056781657 -0.100501694 -0.31884244 -0.31831387 -0.29549918 -0.3571364 -0.22812973 -0.17078543 -0.10218165 0.404833 0.81765217 0.8723248 0.70003784 1.0 0.5400817 0.28654116 0.39984137 0.9256394 0.60255474 0.39711866 0.111534484 -0.2746512 -0.19653103 -0.23325136 -0.23578806 -0.36802387 -0.3771638 -0.2731463 -0.49164867 
NaN NaN NaN NaN NaN NaN NaN NaN NaN NaN NaN NaN NaN NaN NaN NaN NaN NaN -0.55850077 -0.61181545 -0.4791986 0.10097907 0.022859467 NaN NaN NaN NaN NaN -0.40329507 0.41968867 0.1628127 0.5225335 0.00680362 0.32644013 0.030064186 -0.006278154 0.1338514 0.21088615 0.31392953 0.38448238 0.34155494 0.34277102 0.38384634 0.46623513 0.506993 0.2430688 0.5853987 0.6284288 0.6552211 0.6624224 0.71355253 0.660404 0.7358567 0.47166726 0.04522765 0.60378003 -0.15957671 -0.51265603 -0.4239305 -0.3728494 -0.26777935 0.1253179 0.5464364 0.50580966 0.4910039 0.2692528 -0.10006891 -0.37128854 -0.48608124 -0.6342779 -0.676354 -0.597717 -0.49896476 -0.5992046 -0.42794734 -0.6169908 -0.6175029 -0.3868554 0.25425434 0.3237184 -0.089516334 0.5400817 1.0 0.9249547 0.963291 0.6195077 -0.16911668 -0.25282183 -0.48431337 -0.66342425 -0.6455809 -0.6300312 -0.63941264 -0.67415684 -0.674715 -0.67157555 -0.6143135 
NaN NaN NaN NaN NaN NaN NaN NaN NaN NaN NaN NaN NaN NaN NaN NaN NaN NaN -0.42964312 -0.4832457 -0.29759362 0.2270868 0.20968491 NaN NaN NaN NaN NaN -0.21541543 0.5403751 0.039586768 0.3784097 -0.18672828 0.118344836 -0.18829043 -0.21474652 -0.058228362 0.012951062 0.19361788 0.43828723 0.38662204 0.38686877 0.42723483 0.5108069 0.5146778 0.10760657 0.5277401 0.72801274 0.7601916 0.7650639 0.7334969 0.63140506 0.67862403 0.3461495 -0.13504818 0.3967261 -0.19813934 -0.4955488 -0.38760415 -0.36740738 -0.32352263 -0.021397384 0.5221391 0.63412 0.5866008 0.18065268 -0.23301637 -0.48532143 -0.5531244 -0.655794 -0.63039637 -0.5611035 -0.45352015 -0.53880847 -0.39663213 -0.5999649 -0.60817444 -0.4841248 -0.019198617 0.04680915 -0.2707464 0.28654116 0.9249547 1.0 0.9787407 0.36282507 -0.3508074 -0.4290748 -0.5615611 -0.61983377 -0.6196864 -0.6278086 -0.630695 -0.6145733 -0.6123916 -0.6321986 -0.5159666 
NaN NaN NaN NaN NaN NaN NaN NaN NaN NaN NaN NaN NaN NaN NaN NaN NaN NaN -0.50330645 -0.56233364 -0.39757013 0.16636246 0.11189275 NaN NaN NaN NaN NaN -0.31699005 0.4782265 0.07499213 0.43562177 -0.102645636 0.22353244 -0.084892064 -0.10515307 0.052135903 0.1293596 0.275073 0.4242718 0.37936097 0.38032287 0.41921955 0.49845856 0.5128923 0.16785778 0.560488 0.6938736 0.7233447 0.7271348 0.738297 0.66171885 0.7180271 0.41284457 -0.048776213 0.49271062 -0.18391919 -0.5082593 -0.40192556 -0.36688343 -0.2933137 0.046586853 0.54705137 0.5960311 0.5682137 0.2489911 -0.15985127 -0.43199918 -0.522846 -0.6547788 -0.66059214 -0.5891246 -0.48462966 -0.5829818 -0.42080992 -0.6227054 -0.6280816 -0.45079163 0.09723908 0.16820385 -0.1967313 0.39984137 0.963291 0.9787407 1.0 0.49510363 -0.27288884 -0.3559258 -0.53514266 -0.65281945 -0.6422952 -0.6411648 -0.6460391 -0.65588045 -0.6556112 -0.66430336 -0.5755163 
NaN NaN NaN NaN NaN NaN NaN NaN NaN NaN NaN NaN NaN NaN NaN NaN NaN NaN -0.5173676 -0.58871263 -0.63254607 -0.44555795 -0.573806 NaN NaN NaN NaN NaN -0.6600366 -0.25695428 0.015902866 0.30918813 0.36905786 0.3209518 0.44391027 0.3796017 0.31686306 0.3463901 0.18253641 -0.15442733 -0.17948955 -0.18028797 -0.14864486 -0.102472894 0.042110182 0.35841724 0.2540906 -0.030437594 0.015243933 0.00897846 0.2045797 0.36874205 0.37005597 0.48611492 0.4938765 0.5696299 0.15123495 -0.06469734 -0.064403296 -0.005469363 0.1478966 0.40042755 0.23546408 -0.049699914 -0.024359055 0.18558034 0.21264544 0.11384277 -0.051627316 -0.12890425 -0.28494853 -0.2593443 -0.24793938 -0.30648705 -0.16884947 -0.15141967 -0.10547449 0.30814567 0.824494 0.8745287 0.6174321 0.9256394 0.6195077 0.36282507 0.49510363 1.0 0.5947266 0.47312695 0.15233402 -0.24522583 -0.17839743 -0.15145971 -0.16770802 -0.3178789 -0.3216803 -0.23717077 -0.4176745 
NaN NaN NaN NaN NaN NaN NaN NaN NaN NaN NaN NaN NaN NaN NaN NaN NaN NaN -0.084779605 -0.11416728 -0.29158312 -0.66355985 -0.7090486 NaN NaN NaN NaN NaN -0.40121984 -0.70837045 -0.2692188 -0.27265117 0.344716 -0.1342381 0.4145866 0.30683732 0.06034574 0.038805313 -0.23344482 -0.5901953 -0.5839245 -0.5819237 -0.57611173 -0.5820566 -0.46017322 0.13828889 -0.31938654 -0.6241411 -0.57575727 -0.5849001 -0.45054063 -0.22109216 -0.332623 0.057005327 0.5409826 -0.0014155131 0.4393315 0.5371262 0.41083908 0.40602174 0.46330798 0.2725996 -0.3661195 -0.5822914 -0.56801444 -0.22454056 0.21316688 0.42965677 0.36449525 0.52994424 0.41550767 0.34641007 0.24728976 0.29937872 0.3063683 0.57016486 0.6316409 0.88796747 0.72283417 0.7218854 0.93365294 0.60255474 -0.16911668 -0.3508074 -0.27288884 0.5947266 1.0 0.8796047 0.7693941 0.46653035 0.55081487 0.5152063 0.5138807 0.36990973 0.35839915 0.48989567 0.1264069 
NaN NaN NaN NaN NaN NaN NaN NaN NaN NaN NaN NaN NaN NaN NaN NaN NaN NaN 0.07599867 0.08198804 -0.118013255 -0.57199436 -0.6016667 NaN NaN NaN NaN NaN -0.22588237 -0.7012333 -0.24649641 -0.31849313 0.21434297 -0.11215433 0.25484663 0.20593503 0.04556501 0.009255671 -0.23694608 -0.6002987 -0.5808156 -0.57920825 -0.5788257 -0.5883779 -0.5383561 -0.054858748 -0.42329362 -0.64821225 -0.6132897 -0.6227604 -0.5688832 -0.43452352 -0.4494554 -0.17469473 0.30650684 -0.109610565 0.18354292 0.36491963 0.23286003 0.23746932 0.28066453 0.097631946 -0.48240173 -0.64893526 -0.6469398 -0.30775747 0.16183722 0.42426643 0.49919924 0.5965107 0.52393717 0.50629425 0.36065403 0.41043332 0.4049125 0.65834105 0.6801793 0.766579 0.73329455 0.6698897 0.73452854 0.39711866 -0.25282183 -0.4290748 -0.3559258 0.47312695 0.8796047 1.0 0.86684203 0.5726289 0.64305264 0.6894474 0.6572565 0.4785224 0.4959211 0.5866277 0.2699379 
NaN NaN NaN NaN NaN NaN NaN NaN NaN NaN NaN NaN NaN NaN NaN NaN NaN NaN 0.31653875 0.32074842 0.13226473 -0.54192334 -0.5052223 NaN NaN NaN NaN NaN 0.01632366 -0.7198724 -0.4236795 -0.5579321 -0.011603465 -0.3822116 0.034776293 -0.038257398 -0.22319977 -0.27255857 -0.48012352 -0.6774878 -0.65400696 -0.6413772 -0.64564955 -0.6650864 -0.66048187 -0.2537083 -0.63090354 -0.72435874 -0.69016606 -0.6998978 -0.71401197 -0.60379213 -0.64828616 -0.38912255 0.14797457 -0.4051624 0.2191502 0.519746 0.3442664 0.30645567 0.26632184 -0.097610526 -0.6548257 -0.69569606 -0.719974 -0.5056799 -0.030972008 0.33132195 0.5032555 0.7466106 0.76214087 0.69418335 0.5376102 0.6435007 0.5750407 0.8874312 0.9000421 0.82729954 0.4694377 0.39160252 0.6468906 0.111534484 -0.48431337 -0.5615611 -0.53514266 0.15233402 0.7693941 0.86684203 1.0 0.87157714 0.920069 0.87056565 0.84454054 0.73890245 0.748786 0.8375768 0.5165789 
NaN NaN NaN NaN NaN NaN NaN NaN NaN NaN NaN NaN NaN NaN NaN NaN NaN NaN 0.6526672 0.6495499 0.50881964 -0.42819935 -0.29462612 NaN NaN NaN NaN NaN 0.39054734 -0.64821583 -0.55239105 -0.7619013 -0.31557974 -0.62908286 -0.26566508 -0.32074735 -0.45830184 -0.5497381 -0.68091667 -0.6573235 -0.62653655 -0.6076781 -0.6232273 -0.65901923 -0.7245254 -0.46784157 -0.7727264 -0.6991232 -0.6767912 -0.6763309 -0.7781296 -0.72078687 -0.7755242 -0.61143833 -0.13158676 -0.69775784 0.14560474 0.55046403 0.4066928 0.32689938 0.18563487 -0.3300159 -0.7705551 -0.6806379 -0.73484254 -0.68296236 -0.26772204 0.13887961 0.35722134 0.6933402 0.8497084 0.7625015 0.6443866 0.7946741 0.63849807 0.90958315 0.9121544 0.6490823 0.055295028 -0.038520627 0.37390584 -0.2746512 -0.66342425 -0.61983377 -0.65281945 -0.24522583 0.46653035 0.5726289 0.87157714 1.0 0.97645825 0.9009912 0.8785279 0.88169634 0.89097625 0.92770183 0.7910514 
NaN NaN NaN NaN NaN NaN NaN NaN NaN NaN NaN NaN NaN NaN NaN NaN NaN NaN 0.5203031 0.52629006 0.37118444 -0.43926322 -0.34079537 NaN NaN NaN NaN NaN 0.2543981 -0.65200424 -0.5189266 -0.71176106 -0.2154662 -0.57679665 -0.17735487 -0.24273811 -0.40219587 -0.4672252 -0.61165714 -0.64184815 -0.61506003 -0.5984798 -0.6133155 -0.64609945 -0.6900233 -0.3993865 -0.72836703 -0.69433737 -0.6665549 -0.67129207 -0.75109935 -0.686388 -0.75006723 -0.5464101 -0.04068295 -0.63166904 0.19092514 0.57684016 0.41594967 0.3473724 0.23370253 -0.2565984 -0.7448836 -0.67546934 -0.7208579 -0.6331948 -0.19769841 0.20670922 0.4210021 0.7524128 0.876631 0.7902875 0.6448233 0.77879405 0.6541532 0.95438886 0.9532835 0.7226358 0.1306087 0.04845331 0.44737703 -0.19653103 -0.6455809 -0.6196864 -0.6422952 -0.17839743 0.55081487 0.64305264 0.920069 0.97645825 1.0 0.9132922 0.89986765 0.8711051 0.883593 0.94011265 0.69389164 
NaN NaN NaN NaN NaN NaN NaN NaN NaN NaN NaN NaN NaN NaN NaN NaN NaN NaN 0.6226134 0.6345156 0.47514686 -0.40371296 -0.29856145 NaN NaN NaN NaN NaN 0.36569735 -0.6517043 -0.47587022 -0.70381504 -0.28309044 -0.5369944 -0.23070933 -0.28688583 -0.41089937 -0.4800579 -0.6273953 -0.67180264 -0.63434 -0.61705637 -0.63431734 -0.6671158 -0.74042827 -0.48636442 -0.77649796 -0.71891755 -0.69679177 -0.69798446 -0.798237 -0.74993277 -0.76714903 -0.61446923 -0.13478227 -0.634088 0.06602 0.45585632 0.29322395 0.22138181 0.10738451 -0.31884387 -0.7559837 -0.6906138 -0.7358123 -0.62946194 -0.19927803 0.18796505 0.44292578 0.698181 0.84266114 0.79602194 0.6370359 0.77368325 0.64168173 0.902147 0.887742 0.62936354 0.18092535 0.072840646 0.3671499 -0.23325136 -0.6300312 -0.6278086 -0.6411648 -0.15145971 0.5152063 0.6894474 0.87056565 0.9009912 0.9132922 1.0 0.96565765 0.90689933 0.9126082 0.9247683 0.76903325 
NaN NaN NaN NaN NaN NaN NaN NaN NaN NaN NaN NaN NaN NaN NaN NaN NaN NaN 0.59243774 0.6055018 0.4388335 -0.41847256 -0.3187504 NaN NaN NaN NaN NaN 0.32993415 -0.65678936 -0.492139 -0.7005041 -0.2708159 -0.54372984 -0.22107883 -0.2729176 -0.38733822 -0.4604342 -0.6146139 -0.66165364 -0.62678534 -0.60786873 -0.6273551 -0.6590491 -0.72416025 -0.46230832 -0.7655563 -0.7205265 -0.69754744 -0.7008578 -0.79078996 -0.73044235 -0.7583635 -0.5886698 -0.11987641 -0.63131034 0.08000658 0.48359722 0.3330259 0.26984742 0.15073252 -0.28345466 -0.7406996 -0.6848418 -0.7272938 -0.6095107 -0.18633242 0.19627543 0.4330451 0.69485927 0.8572495 0.7991132 0.64489686 0.7962533 0.6736517 0.9139893 0.89616627 0.64012754 0.15411337 0.0498813 0.37707198 -0.23578806 -0.63941264 -0.630695 -0.6460391 -0.16770802 0.5138807 0.6572565 0.84454054 0.8785279 0.89986765 0.96565765 1.0 0.9523194 0.9388151 0.9227124 0.7415778 
NaN NaN NaN NaN NaN NaN NaN NaN NaN NaN NaN NaN NaN NaN NaN NaN NaN NaN 0.70511967 0.7051939 0.5751996 -0.3666559 -0.22256453 NaN NaN NaN NaN NaN 0.46633363 -0.5959211 -0.5332468 -0.7557597 -0.3771214 -0.62866557 -0.31582808 -0.3708888 -0.4796305 -0.57364976 -0.68532026 -0.6321946 -0.5976946 -0.5750426 -0.5962624 -0.63013816 -0.711247 -0.50717866 -0.7748476 -0.66362435 -0.6450259 -0.6424463 -0.762494 -0.7275131 -0.7689988 -0.6446499 -0.20739843 -0.7244968 0.09155698 0.5010822 0.3586636 0.27231342 0.11736541 -0.37524632 -0.7601592 -0.6484343 -0.70475227 -0.6770387 -0.30407333 0.0867131 0.3088326 0.6280219 0.8302888 0.75667506 0.64394534 0.8128653 0.63890314 0.8746834 0.8630831 0.54928493 -0.039901577 -0.13384864 0.262207 -0.36802387 -0.67415684 -0.6145733 -0.65588045 -0.3178789 0.36990973 0.4785224 0.73890245 0.88169634 0.8711051 0.90689933 0.9523194 1.0 0.98031354 0.941054 0.83137167 
NaN NaN NaN NaN NaN NaN NaN NaN NaN NaN NaN NaN NaN NaN NaN NaN NaN NaN 0.70863914 0.71273756 0.5818947 -0.35932106 -0.21283644 NaN NaN NaN NaN NaN 0.47083566 -0.5903748 -0.5325079 -0.74847746 -0.3965998 -0.6337341 -0.34224874 -0.38537046 -0.48163787 -0.5767393 -0.68522877 -0.6300754 -0.59502554 -0.5726938 -0.5934933 -0.62740517 -0.7131823 -0.52553916 -0.78250766 -0.66496634 -0.6474969 -0.64443874 -0.77299285 -0.7460514 -0.7742911 -0.6641038 -0.23817758 -0.7321733 0.046442777 0.46627247 0.33314067 0.25427842 0.10258513 -0.3827329 -0.75321674 -0.64112836 -0.69874424 -0.6737584 -0.30075052 0.0877798 0.3269567 0.63782203 0.85051274 0.79047924 0.67670935 0.8277272 0.65038526 0.88392985 0.8618279 0.5344108 -0.02932402 -0.13007782 0.2415285 -0.3771638 -0.674715 -0.6123916 -0.6556112 -0.3216803 0.35839915 0.4959211 0.748786 0.89097625 0.883593 0.9126082 0.9388151 0.98031354 1.0 0.96549636 0.84682447 
NaN NaN NaN NaN NaN NaN NaN NaN NaN NaN NaN NaN NaN NaN NaN NaN NaN NaN 0.6238082 0.6291061 0.4810039 -0.41500005 -0.2895524 NaN NaN NaN NaN NaN 0.36370468 -0.64018583 -0.5209152 -0.7419802 -0.29043257 -0.6106114 -0.23802991 -0.30337068 -0.4478972 -0.5228508 -0.65540963 -0.65431225 -0.6206783 -0.6006489 -0.61986697 -0.65377396 -0.7159505 -0.4577949 -0.7679747 -0.7005915 -0.6771373 -0.6779691 -0.7790576 -0.7238001 -0.7754568 -0.60322917 -0.11359255 -0.68312156 0.13592343 0.5369006 0.37952495 0.29752415 0.16971381 -0.31091693 -0.76651317 -0.6799485 -0.72960174 -0.6618389 -0.23776649 0.16350035 0.377564 0.7047391 0.86709976 0.78285825 0.65286314 0.8030364 0.6539555 0.9287701 0.9186679 0.651983 0.048328806 -0.034264993 0.3649527 -0.2731463 -0.67157555 -0.6321986 -0.66430336 -0.23717077 0.48989567 0.5866277 0.8375768 0.92770183 0.94011265 0.9247683 0.9227124 0.941054 0.96549636 1.0 0.79658294 
NaN NaN NaN NaN NaN NaN NaN NaN NaN NaN NaN NaN NaN NaN NaN NaN NaN NaN 0.9584336 0.92827153 0.8631707 -0.27756324 -0.05891802 NaN NaN NaN NaN NaN 0.761701 -0.50569636 -0.54517263 -0.7745653 -0.58919615 -0.67757726 -0.51192224 -0.51237726 -0.53913176 -0.6836846 -0.765301 -0.6003083 -0.5591802 -0.5327029 -0.5486188 -0.5821408 -0.7035858 -0.615172 -0.78174067 -0.5752725 -0.5716489 -0.5559737 -0.72597706 -0.71881545 -0.7289612 -0.72850555 -0.41240245 -0.79412067 -0.06644302 0.32973084 0.25675923 0.1394906 -0.05317776 -0.51283073 -0.70869076 -0.558483 -0.6304166 -0.70889246 -0.43654877 -0.1176629 0.099724546 0.3882607 0.6130593 0.5585807 0.49654123 0.68167627 0.46821493 0.6326063 0.6309666 0.3008472 -0.1996961 -0.30635384 0.04272702 -0.49164867 -0.6143135 -0.5159666 -0.5755163 -0.4176745 0.1264069 0.2699379 0.5165789 0.7910514 0.69389164 0.76903325 0.7415778 0.83137167 0.84682447 0.79658294 1.0 
